0050,元大台灣50,"5,620,322","2,376","462,116,126",82.15,82.90,81.65,82.60,+,0.35,82.55,28,82.60,488,"0.00"","
0051,元大中型100,"43,000",14,"1,348,960",31.55,31.55,31.00,31.31,-,0.17,31.30,2,31.43,8,"0.00"","
0052,富邦科技,"10,000",10,"570,800",57.15,57.15,57.00,57.00,-,0.20,57.15,12,57.45,1,"0.00"","
0053,元大電子,"3,010",3,"107,609",35.85,35.85,35.55,35.55,-,0.55,35.93,100,36.19,8,"0.00"","
0054,元大台商50,"22,000",4,"520,390",23.90,23.90,23.64,23.64,-,0.26,23.67,100,23.89,23,"0.00"","
0055,元大MSCI金融,"66,000",47,"1,063,460",16.02,16.23,16.02,16.20,+,0.22,16.20,1,16.22,5,"0.00"","
0056,元大高股息,"2,325,615","1,165","58,029,969",24.99,25.02,24.78,24.99, ,0.00,24.98,20,24.99,45,"0.00"","
0057,富邦摩台,"48,000",12,"2,368,090",49.36,49.61,49.07,49.61,+,0.02,49.28,1,49.51,20,"0.00"","
0058,富邦發達,"16,000",3,"734,070",45.86,45.97,45.86,45.97,-,0.22,45.73,1,46.07,10,"0.00"","
0059,富邦金融,"7,000",5,"276,930",39.22,39.99,39.22,39.99,+,0.77,39.99,5,40.17,2,"0.00"","
0061,元大寶滬深,"3,584,038","1,239","67,912,141",19.02,19.04,18.88,18.90,-,0.20,18.89,108,18.90,47,"0.00"","
006203,元大MSCI台灣,"1,000",1,"38,090",38.09,38.09,38.09,38.09,X,0.00,37.92,50,38.24,20,"0.00"","
006204,永豐臺灣加權,"30,187",6,"1,608,298",54.00,54.00,52.55,53.20,X,0.00,52.65,20,53.00,100,"0.00"","
006205,富邦上証,"4,377,804","1,570","139,856,713",32.14,32.15,31.84,31.86,-,0.39,31.85,118,31.86,15,"0.00"","
006206,元大上證50,"4,043,350","1,099","129,975,260",32.40,32.40,31.95,31.99,-,0.51,31.98,290,31.99,22,"0.00"","
006207,FH滬深,"817,100",228,"19,694,108",24.22,24.25,24.03,24.03,-,0.29,24.03,15,24.05,69,"0.00"","
006208,富邦台50,"46,430",55,"2,171,951",47.30,47.30,46.44,46.80,-,0.50,47.06,1,47.08,5,"0.00"","
00625K,富邦上証+R,"50,000",2,"351,500",7.03,7.03,7.03,7.03,-,0.16,6.98,50,7.06,50,"0.00"","
00631L,元大台灣50正2,"3,293,115","1,067","115,178,982",35.06,35.51,34.45,35.07,+,0.06,35.07,53,35.15,3,"0.00"","
00632R,元大台灣50反1,"69,845,656","8,961","928,610,901",13.27,13.40,13.20,13.26,-,0.02,13.26,"3,521",13.27,90,"0.00"","
00633L,富邦上証正2,"46,011,900","7,630","2,308,524,350",50.70,50.80,49.60,49.77,-,1.38,49.77,203,49.80,27,"0.00"","
00634R,富邦上証反1,"1,934,000",167,"13,710,350",7.06,7.12,7.04,7.09,+,0.07,7.09,167,7.11,43,"0.00"","
00635U,元大S&P黃金,"1,760,631",302,"34,990,068",19.89,19.90,19.85,19.86,-,0.15,19.85,42,19.86,81,"0.00"","
00636,國泰中國A50,"9,230,679","1,990","193,617,208",21.12,21.12,20.88,20.92,-,0.27,20.91,17,20.92,2,"0.00"","
00636K,國泰中國A50+U,"120,000",4,"836,400",6.97,6.97,6.97,6.97,-,0.11,6.95,5,6.99,305,"0.00"","
00637L,元大滬深300正2,"141,242,905","17,825","2,679,603,775",19.20,19.22,18.74,18.80,-,0.51,18.80,"2,761",18.81,3,"0.00"","
00638R,元大滬深300反1,"202,000",45,"2,894,450",14.28,14.39,14.25,14.39,+,0.14,14.39,7,14.40,154,"0.00"","
00639,富邦深100,"6,577,489","1,105","75,301,408",11.50,11.54,11.40,11.42,-,0.12,11.42,225,11.43,23,"0.00"","
00640L,富邦日本正2,"1,002,100",127,"25,067,172",25.00,25.18,24.85,25.11,+,0.09,25.11,143,25.12,7,"0.00"","
00641R,富邦日本反1,"609,000",85,"8,891,800",14.62,14.66,14.54,14.57,-,0.03,14.55,13,14.57,48,"0.00"","
00642U,元大S&P石油,"1,619,003",357,"28,390,031",17.50,17.58,17.49,17.55,+,0.01,17.55,283,17.56,45,"0.00"","
00643,群益深証中小,"2,264,150",352,"35,727,697",15.72,15.87,15.66,15.78,-,0.08,15.78,27,15.79,6,"0.00"","
00643K,群益深証中小+R,0,0,0,--,--,--,--, ,0.00,3.37,20,3.45,20,"0.00"","
00645,富邦日本,"75,000",9,"1,703,030",22.70,22.78,22.64,22.78,+,0.16,22.74,55,22.78,1,"0.00"","
00646,元大S&P500,"84,000",33,"1,989,150",23.60,23.76,23.60,23.75,+,0.23,23.68,1,23.74,1,"0.00"","
00647L,元大S&P500正2,"149,013",12,"4,571,501",30.64,30.73,30.62,30.73,+,0.35,30.64,50,30.73,22,"0.00"","
00648R,元大S&P500反1,"934,000",250,"13,333,080",14.29,14.30,14.26,14.27,-,0.09,14.27,11,14.28,105,"0.00"","
00649,FH香港,"128,000",21,"2,692,790",21.10,21.11,20.97,21.04,-,0.07,20.99,52,21.00,23,"0.00"","
00650L,FH香港正2,"205,000",41,"6,993,840",34.41,34.41,33.93,34.10,-,0.31,34.07,53,34.10,11,"0.00"","
00651R,FH香港反1,"492,000",45,"4,305,760",8.71,8.81,8.70,8.76,+,0.03,8.76,3,8.77,165,"0.00"","
00652,富邦印度,"93,851",38,"2,152,564",22.94,22.97,22.85,22.97,-,0.05,22.90,52,22.95,22,"0.00"","
00653L,富邦印度正2,"775,000",202,"21,582,680",28.00,28.02,27.70,27.88,-,0.26,27.87,1,27.88,3,"0.00"","
00654R,富邦印度反1,"243,000",38,"3,726,620",15.36,15.40,15.31,15.36,+,0.06,15.33,91,15.36,25,"0.00"","
00655L,國泰中國A50正2,"20,244,000","5,084","743,225,540",37.26,37.26,36.30,36.40,-,1.04,36.40,122,36.41,18,"0.00"","
00656R,國泰中國A50反1,"150,000",17,"1,978,120",13.10,13.23,13.10,13.20,+,0.19,13.20,251,13.23,84,"0.00"","
00657,國泰日經225,"19,000",4,"518,490",27.36,27.36,27.24,27.30,-,0.03,27.42,3,27.48,20,"0.00"","
00657K,國泰日經225+U,"80,000",2,"729,600",9.12,9.12,9.12,9.12, ,0.00,9.12,34,9.17,21,"0.00"","
00658L,國泰日本正2,"50,000",24,"1,885,420",37.62,37.92,37.46,37.92,+,0.38,37.90,51,38.00,23,"0.00"","
00659R,國泰日本反1,"188,000",33,"2,430,430",12.95,12.97,12.87,12.89,-,0.08,12.88,11,12.89,50,"0.00"","
00660,元大歐洲50,"3,000",3,"75,590",25.23,25.23,25.18,25.18,-,0.24,25.18,3,25.20,1,"0.00"","
00661,元大日經225,0,0,0,--,--,--,--, ,0.00,28.30,2,28.44,10,"0.00"","
00662,富邦NASDAQ,"6,369",7,"166,711",26.15,26.19,26.15,26.19,+,0.23,26.19,63,26.23,5,"0.00"","
00663L,國泰臺灣加權正2,"1,423,000",120,"46,161,470",32.47,32.88,31.90,32.50,+,0.10,32.48,100,32.50,96,"0.00"","
00664R,國泰臺灣加權反1,"4,607,000",484,"69,289,440",15.01,15.15,14.93,15.01,-,0.02,15.01,100,15.03,404,"0.00"","
00665L,富邦恒生國企正2,"1,132,000",203,"35,748,950",31.67,31.97,31.30,31.51,-,0.16,31.48,155,31.53,52,"0.00"","
00666R,富邦恒生國企反1,"182,000",17,"2,532,620",14.03,14.03,13.88,13.99,+,0.06,13.96,118,13.99,27,"0.00"","
00667,元大韓國,"4,000",3,"96,640",24.16,24.16,24.16,24.16,-,0.13,24.05,1,24.30,10,"0.00"","
00668,國泰美國道瓊,"4,000",3,"101,200",25.23,25.39,25.23,25.29,+,0.29,25.38,4,25.39,7,"0.00"","
00668K,國泰美國道瓊+U,"80,000",2,"676,800",8.46,8.46,8.46,8.46,+,0.09,8.45,33,8.48,41,"0.00"","
00669R,國泰美國道瓊反1,"2,448,000",421,"35,449,610",14.50,14.51,14.45,14.47,-,0.18,14.46,53,14.47,126,"0.00"","
00670L,富邦NASDAQ正2,"354,000",85,"9,721,860",27.46,27.60,27.42,27.56,+,0.50,27.50,100,27.55,50,"0.00"","
00671R,富邦NASDAQ反1,"281,000",51,"4,586,280",16.30,16.35,16.30,16.32,-,0.11,16.30,1,16.32,59,"0.00"","
00672L,元大S&P原油正2,"8,457,162",975,"155,127,680",18.27,18.44,18.23,18.39,+,0.03,18.39,80,18.40,500,"0.00"","
00673R,元大S&P原油反1,"2,059,000",246,"36,550,720",17.80,17.82,17.72,17.74,-,0.01,17.73,451,17.74,10,"0.00"","
00674R,元大S&P黃金反1,"21,000",8,"410,720",19.55,19.57,19.55,19.57,+,0.12,19.56,159,19.58,3,"0.00"","
00675L,富邦臺灣加權正2,"1,752,080",297,"24,582,856",14.07,14.25,13.83,14.11,+,0.05,14.10,4,14.11,179,"0.00"","
00676R,富邦臺灣加權反1,"6,500,000",538,"52,947,450",8.14,8.22,8.09,8.14, ,0.00,8.14,12,8.15,603,"0.00"","
00677U,富邦VIX,"13,528,000","1,182","83,528,960",6.16,6.20,6.15,6.17,+,0.07,6.17,240,6.18,257,"0.00"","
00678,群益NBI生技,"481,000",74,"10,108,080",20.98,21.07,20.96,21.06,+,0.26,21.05,56,21.06,3,"0.00"","
00680L,元大美債20正2,"136,000",1,"2,804,320",20.62,20.62,20.62,20.62,+,0.06,20.59,20,20.62,2,"0.00"","
00681R,元大美債20反1,0,0,0,--,--,--,--, ,0.00,18.48,23,18.59,20,"0.00"","
00682U,元大美元指數,"26,200",15,"479,254",18.30,18.30,18.29,18.29,-,0.03,18.29,6,18.33,11,"0.00"","
00683L,元大美元指數正2,"397,000",141,"6,702,450",16.93,16.93,16.86,16.87,-,0.10,16.86,9,16.87,14,"0.00"","
00684R,元大美元指數反1,0,0,0,--,--,--,--, ,0.00,21.15,20,21.23,1,"0.00"","
00685L,群益臺灣加權正2,"67,000",13,"819,430",12.32,12.43,12.12,12.43,+,0.15,12.33,100,12.35,100,"0.00"","
00686R,群益臺灣加權反1,"1,333,000",75,"11,842,390",8.88,8.94,8.83,8.86,-,0.01,8.86,4,8.87,150,"0.00"","
00688L,國泰20年美債正2,"201,000",3,"4,227,010",21.01,21.03,21.01,21.03,+,0.08,20.99,20,21.04,30,"0.00"","
00689R,國泰20年美債反1,"201,000",3,"3,794,880",18.88,18.88,18.88,18.88,-,0.02,18.87,20,18.91,20,"0.00"","
00690,兆豐藍籌30,"92,001",54,"1,933,503",21.03,21.13,20.93,21.06,+,0.03,21.05,1,21.06,82,"0.00"","
00691R,兆豐藍籌30反1,"1,000",1,"17,790",17.79,17.79,17.79,17.79, ,0.00,17.78,40,17.83,60,"0.00"","
00692,富邦公司治理,"1,549,620",319,"32,133,028",20.81,20.88,20.65,20.84,+,0.14,20.83,11,20.84,83,"0.00"","
00693U,華頓S&P黃豆,"343,000",37,"6,800,960",19.86,19.86,19.81,19.84,-,0.11,19.84,50,19.86,2,"0.00"","
00698L,元大美債7-10正2,"3,000",3,"57,170",19.08,19.08,19.01,19.01,-,0.07,19.01,33,19.06,20,"0.00"","
00699R,元大美債7-10反1,0,0,0,--,--,--,--, ,0.00,20.01,49,20.08,20,"0.00"","
00700,富邦恒生國企,"36,000",5,"743,790",20.69,20.69,20.64,20.66,-,0.02,20.64,10,20.66,45,"0.00"","
00701,國泰臺灣低波動30,"152,250",35,"3,057,467",19.99,20.21,19.94,20.16,+,0.21,20.12,89,20.14,48,"0.00"","
00702,國泰標普低波高息,"261,000",30,"5,493,310",21.02,21.08,21.01,21.08,+,0.11,21.05,52,21.08,63,"0.00"","
00703,台新MSCI中國,"522,000",101,"11,208,510",22.07,22.07,21.33,21.33,-,0.30,21.32,55,21.33,24,"0.00"","
00704L,台新MSCI台灣正2,0,0,0,--,--,--,--, ,0.00,20.23,100,20.28,100,"0.00"","
00705R,台新MSCI台灣反1,"1,000",1,"19,350",19.35,19.35,19.35,19.35,+,0.06,19.25,100,19.29,100,"0.00"","
00706L,元大S&P日圓正2,"569,000",42,"10,788,270",19.00,19.00,18.91,18.91,-,0.21,18.91,2,18.92,300,"0.00"","
00707R,元大S&P日圓反1,"8,000",4,"162,570",20.32,20.35,20.29,20.35,+,0.11,20.33,203,20.36,150,"0.00"","
00708L,元大S&P黃金正2,"2,778,000",439,"51,840,490",18.68,18.69,18.62,18.63,-,0.30,18.62,20,18.63,53,"0.00"","
00709,富邦歐洲,"7,000",3,"144,130",20.61,20.61,20.57,20.57,-,0.03,20.55,21,20.60,1,"0.00"","
00710B,FH彭博高收益債,"1,000",1,"19,910",19.91,19.91,19.91,19.91,X,0.00,19.93,20,19.95,1,"0.00"","
00711B,FH彭博新興債,"1,000",1,"20,250",20.25,20.25,20.25,20.25,+,0.01,20.26,3,20.31,24,"0.00"","
00712,FH富時不動產,"2,000",1,"38,520",19.26,19.26,19.26,19.26,-,0.12,19.27,3,19.31,100,"0.00"","
00713,元大台灣高息低波,"177,000",35,"5,384,790",30.41,30.53,30.15,30.46,+,0.10,30.36,1,30.53,10,"0.00"","
00714,群益道瓊美國地產,"623,000",9,"12,484,300",20.09,20.09,20.00,20.01,-,0.08,20.01,39,20.06,31,"0.00"","
00715L,華頓S&P布蘭特正2,"452,000",9,"9,187,360",20.33,20.36,20.28,20.28,+,0.16,20.27,140,20.30,140,"0.00"","
00716R,華頓S&P布蘭特反1,"860,000",18,"16,792,200",19.58,19.58,19.49,19.55,+,0.01,19.54,80,19.55,140,"0.00"","
00717,富邦美國特別股,"1,604,550",297,"32,032,813",19.97,19.97,19.95,19.96,-,0.01,19.96,53,19.97,15,"0.00"","
008201,BP上證50,"12,309",103,"1,238,634",101.10,101.80,99.30,101.00,-,1.60,100.95,1,101.00,35,"0.00"","
01001T,土銀富邦R1,"311,000",51,"3,950,850",12.80,12.80,12.70,12.70, ,0.00,12.70,3,12.75,5,"0.00"","
01002T,土銀國泰R1,"77,000",62,"1,044,270",13.44,13.60,13.44,13.59, ,0.00,13.51,10,13.59,9,"0.00"","
01003T,兆豐新光R1,"1,031,000",30,"14,846,250",14.40,14.40,14.39,14.40,+,0.01,14.40,10,14.41,2,"0.00"","
01004T,土銀富邦R2,"8,000",8,"92,640",11.59,11.59,11.51,11.59, ,0.00,11.53,2,11.67,8,"0.00"","
01007T,兆豐國泰R2,"215,000",25,"2,834,970",13.17,13.26,13.17,13.20,+,0.03,13.19,1,13.24,4,"0.00"","
1101,台泥,"7,123,033","3,333","240,051,899",33.90,33.90,33.55,33.70,+,0.15,33.65,46,33.70,24,"18.42"","
1102,亞泥,"4,670,511","2,168","125,736,378",27.10,27.20,26.80,26.90,-,0.95,26.90,119,26.95,166,"16.81"","
1103,嘉泥,"1,238,801",322,"15,394,717",12.60,12.60,12.20,12.45,-,0.10,12.45,38,12.50,8,"77.81"","
1104,環泥,"136,948",106,"3,139,051",22.90,23.00,22.85,22.90, ,0.00,22.90,7,22.95,2,"9.91"","
1108,幸福,"136,229",84,"1,157,723",8.52,8.53,8.48,8.49,-,0.03,8.49,2,8.50,5,"53.06"","
1109,信大,"52,691",27,"628,355",11.95,12.00,11.80,11.95,-,0.15,11.90,4,12.00,3,"12.45"","
1110,東泥,"13,687",13,"192,518",14.10,14.10,14.00,14.10,+,0.05,14.00,21,14.10,31,"0.00"","
1201,味全,"626,005",281,"12,148,397",19.45,19.55,19.30,19.45,+,0.05,19.45,2,19.50,20,"0.00"","
1203,味王,"38,005",32,"944,125",24.85,24.90,24.75,24.90,-,0.10,24.80,7,25.10,2,"12.39"","
1210,大成,"2,399,504","1,397","80,964,428",33.60,34.45,33.10,33.90,+,0.30,33.85,15,33.90,8,"11.61"","
1213,大飲,"36,000",25,"572,100",15.90,16.00,15.85,15.85,-,0.20,15.85,5,15.95,7,"113.21"","
1215,卜蜂,"2,278,346","1,585","134,723,081",59.80,60.30,58.80,59.00,-,0.80,58.90,57,59.00,29,"10.83"","
1216,統一,"10,493,971","5,233","673,465,840",63.90,65.00,63.50,64.30,+,0.60,64.30,46,64.40,26,"22.56"","
1217,愛之味,"1,025,767",329,"7,818,235",7.61,7.65,7.60,7.62,+,0.03,7.61,40,7.62,6,"22.41"","
1218,泰山,"1,646,605",547,"29,008,551",17.85,17.85,17.45,17.45,-,0.40,17.45,78,17.50,34,"39.66"","
1219,福壽,"28,277",20,"502,452",17.90,17.90,17.70,17.85,-,0.05,17.85,4,17.90,6,"61.55"","
1220,台榮,"124,000",64,"1,279,950",10.30,10.35,10.25,10.35, ,0.00,10.30,28,10.35,2,"17.84"","
1225,福懋油,"38,084",32,"2,535,135",67.10,67.10,66.00,66.30, ,0.00,66.30,5,67.00,2,"40.93"","
1227,佳格,"639,192",570,"47,173,760",74.00,74.20,73.40,73.60,-,1.50,73.60,37,73.70,1,"30.29"","
1229,聯華,"1,841,429",845,"60,570,143",32.90,33.10,32.50,32.90, ,0.00,32.85,35,32.90,1,"11.23"","
1231,聯華食,"124,462",97,"4,128,688",33.30,33.30,33.05,33.10,-,0.10,33.05,11,33.15,44,"12.35"","
1232,大統益,"15,040",16,"1,377,092",91.10,92.00,91.10,91.30,+,0.20,91.20,1,91.90,2,"16.91"","
1233,天仁,"14,000",9,"483,550",34.60,34.60,34.45,34.50,+,0.20,34.45,2,34.55,4,"17.34"","
1234,黑松,"55,224",49,"1,721,527",31.10,31.30,31.05,31.15, ,0.00,31.15,3,31.25,1,"22.41"","
1235,興泰,"55,849",43,"2,033,848",36.60,36.80,36.10,36.40,-,0.55,36.35,1,36.45,3,"8.24"","
1236,宏亞,"25,121",12,"424,305",16.90,16.90,16.80,16.80,-,0.10,16.80,2,16.90,8,"45.41"","
1256,鮮活果汁-KY,"38,073",38,"5,399,366",143.00,143.00,141.00,141.50,-,0.50,141.50,2,142.00,1,"15.57"","
1262,綠悅-KY,"2,177,892","1,467","109,952,592",53.00,53.50,49.05,50.20,-,2.40,50.20,5,50.40,5,"6.34"","
1301,台塑,"7,625,912","3,439","704,887,645",91.50,93.20,91.50,92.80,+,2.20,92.80,114,92.90,62,"12.16"","
1303,南亞,"7,654,750","2,926","575,525,350",75.60,75.70,74.60,75.00,-,0.60,75.00,560,75.20,16,"9.41"","
1304,台聚,"3,189,839","1,287","49,598,551",15.60,15.65,15.40,15.45,-,0.10,15.45,148,15.50,26,"15.00"","
1305,華夏,"4,128,664","2,221","117,459,768",28.70,29.15,28.00,28.30,-,0.50,28.30,47,28.35,19,"9.40"","
1307,三芳,"70,260",75,"2,418,837",34.60,34.60,34.30,34.40,-,0.20,34.35,3,34.45,2,"12.46"","
1308,亞聚,"690,275",274,"13,022,515",18.90,19.05,18.75,18.80,-,0.10,18.80,35,18.85,4,"14.03"","
1309,台達化,"12,983,860","3,189","166,577,646",12.95,13.20,12.25,12.55,-,0.05,12.50,257,12.55,6,"11.41"","
1310,台苯,"4,668,862","1,590","98,465,902",21.40,21.50,20.80,21.05,-,0.30,21.05,18,21.10,16,"8.63"","
1312,國喬,"8,963,992","3,871","243,655,479",27.40,27.50,26.50,27.10,+,0.10,27.05,145,27.10,15,"7.97"","
1312A,國喬特,"10,000",5,"302,100",30.20,30.25,30.20,30.20,-,0.80,30.35,3,30.90,4,"0.00"","
1313,聯成,"12,612,992","3,439","226,482,675",17.80,18.20,17.45,18.00,+,0.35,18.00,22,18.05,100,"9.00"","
1314,中石化,"231,808,131","37,014","3,678,787,255",16.30,16.50,15.20,15.65,-,0.35,15.60,797,15.65,211,"8.79"","
1315,達新,"40,000",17,"1,012,500",25.40,25.45,25.20,25.45,+,0.05,25.20,24,25.60,10,"17.08"","
1316,上曜,"400,000",161,"10,088,350",25.50,25.55,25.05,25.15,-,0.15,25.15,1,25.20,7,"0.00"","
1319,東陽,"1,933,673","1,295","110,729,826",58.90,58.90,55.80,57.10,-,1.40,57.10,6,57.20,8,"13.96"","
1321,大洋,"291,004",161,"8,132,462",28.40,28.40,27.80,27.95,-,0.40,27.85,2,27.95,4,"0.00"","
1323,永裕,"554,703",247,"18,990,060",34.20,34.65,34.00,34.25,+,0.15,34.25,6,34.30,1,"12.55"","
1324,地球,"29,000",15,"367,900",12.75,12.75,12.65,12.65,-,0.15,12.60,25,12.65,4,"12.65"","
1325,恆大,"385,119",256,"7,472,758",19.25,19.55,19.25,19.40,+,0.30,19.40,6,19.45,1,"25.87"","
1326,台化,"5,584,671","3,099","522,486,328",92.00,94.50,91.90,94.30,+,3.30,94.00,121,94.30,72,"11.69"","
1337,再生-KY,"596,867",212,"7,567,153",12.70,12.80,12.65,12.65,-,0.05,12.65,48,12.70,10,"16.64"","
1338,廣華-KY,"680,439",524,"77,841,485",115.00,116.00,113.00,114.00,-,1.00,114.00,41,115.00,3,"12.58"","
1339,昭輝,"133,003",104,"5,722,129",43.50,43.65,42.70,43.00,-,0.40,42.80,3,43.00,14,"8.37"","
1340,勝悅-KY,"847,785",512,"40,656,730",48.40,48.60,47.50,47.80,-,0.70,47.80,7,47.95,2,"7.52"","
1402,遠東新,"12,925,174","1,635","329,772,814",25.55,25.65,25.30,25.45,-,0.10,25.40,17,25.45,72,"15.42"","
1409,新纖,"2,252,532",639,"22,287,356",9.98,10.00,9.81,9.85,-,0.11,9.85,30,9.86,7,"17.28"","
1410,南染,"36,327",28,"851,683",23.40,23.50,23.40,23.40,-,0.10,23.40,8,23.45,11,"16.83"","
1413,宏洲,"407,062",152,"3,678,383",9.00,9.10,8.90,9.00,+,0.18,8.99,2,9.02,3,"29.03"","
1414,東和,"615,409",201,"4,319,823",7.12,7.12,6.99,7.02,-,0.08,6.99,11,7.04,30,"13.76"","
1416,廣豐,"44,993",37,"795,574",17.80,17.80,17.60,17.65,+,0.05,17.60,29,17.70,7,"252.14"","
1417,嘉裕,"216,160",69,"1,034,316",4.79,4.80,4.77,4.79,-,0.01,4.78,22,4.79,25,"0.00"","
1418,東華,"33,682",33,"279,684",8.38,8.38,8.21,8.21,-,0.87,8.18,1,8.38,10,"0.00"","
1419,新紡,"30,468",26,"1,311,149",43.00,43.25,42.50,42.50,-,0.60,42.40,1,43.10,1,"103.66"","
1423,利華,"156,155",88,"1,218,720",7.83,7.86,7.77,7.86,+,0.06,7.79,5,7.86,16,"37.43"","
1432,大魯閣,"188,400",114,"2,553,869",13.90,13.90,13.30,13.40,-,0.45,13.40,16,13.55,10,"0.00"","
1434,福懋,"837,303",594,"25,112,650",29.95,30.15,29.90,30.15,+,0.10,30.05,30,30.15,20,"12.01"","
1435,中福,"53,659",28,"289,586",5.41,5.45,5.37,5.43,-,0.04,5.39,1,5.43,1,"90.50"","
1436,華友聯,"22,218",7,"887,708",40.00,40.00,39.95,39.95,-,0.05,39.45,1,39.95,2,"19.78"","
1437,勤益控,"111,006",76,"1,939,455",17.60,17.60,17.40,17.50,-,0.05,17.50,11,17.55,8,"11.59"","
1438,裕豐,"25,000",2,"126,250",5.05,5.05,5.05,5.05,-,0.04,5.07,1,5.14,2,"0.00"","
1439,中和,"233,029",61,"4,422,451",19.30,19.30,18.80,18.95,-,0.45,18.90,4,18.95,4,"78.96"","
1440,南紡,"714,179",314,"9,530,529",13.40,13.45,13.30,13.35, ,0.00,13.30,213,13.35,31,"29.67"","
1441,大東,"43,000",16,"296,280",6.86,6.93,6.86,6.91, ,0.00,6.88,5,6.92,3,"0.00"","
1442,名軒,"169,901",105,"3,087,842",18.20,18.25,18.10,18.15, ,0.00,18.15,9,18.20,14,"11.56"","
1443,立益,"3,454",6,"19,235",5.58,5.58,5.58,5.58,-,0.11,5.61,3,5.70,1,"0.00"","
1444,力麗,"6,626,628","1,562","72,912,372",11.20,11.25,10.70,11.00,-,0.15,10.95,55,11.00,106,"57.89"","
1445,大宇,"370,772",133,"3,096,325",8.43,8.44,8.30,8.36,-,0.04,8.30,2,8.36,6,"64.31"","
1446,宏和,"119,065",58,"2,613,709",22.05,22.05,21.90,21.90,-,0.15,21.85,3,21.90,2,"0.00"","
1447,力鵬,"1,661,974",398,"14,462,770",8.76,8.79,8.66,8.66,-,0.08,8.66,10,8.68,15,"0.00"","
1449,佳和,"78,266",35,"432,986",5.63,5.63,5.50,5.57,-,0.06,5.56,1,5.57,3,"0.00"","
1451,年興,"187,099",198,"5,024,128",26.90,27.05,26.65,27.05,+,0.25,26.85,2,27.05,15,"19.05"","
1452,宏益,"549,210",313,"11,974,704",21.95,22.00,21.70,21.70,-,0.15,21.70,107,21.75,4,"12.69"","
1453,大將,"76,499",26,"682,126",8.95,8.95,8.88,8.90,-,0.02,8.90,5,8.95,3,"0.00"","
1454,台富,"111,075",25,"922,322",8.30,8.35,8.28,8.29,-,0.01,8.28,9,8.34,3,"43.63"","
1455,集盛,"8,829,500","2,482","106,938,471",12.50,12.55,11.60,12.05,-,0.40,12.05,126,12.10,144,"25.10"","
1456,怡華,"22,203",12,"223,589",10.00,10.15,9.95,9.96,-,0.04,9.96,11,10.10,4,"15.32"","
1457,宜進,"3,410,367","1,002","46,283,999",13.85,13.90,13.30,13.55,-,0.10,13.50,83,13.55,74,"15.57"","
1459,聯發,"378,450",146,"3,385,112",8.94,9.01,8.88,8.89,-,0.07,8.89,1,8.90,33,"0.00"","
1460,宏遠,"448,081",274,"6,333,190",14.25,14.25,14.00,14.05,-,0.15,14.05,68,14.10,24,"18.25"","
1463,強盛,"1,072,102",502,"28,465,704",26.80,26.85,25.80,26.55,-,0.25,26.50,28,26.55,17,"3.95"","
1464,得力,"575,789",332,"14,228,423",24.75,24.90,24.60,24.65,-,0.05,24.65,3,24.70,8,"20.37"","
1465,偉全,"33,200",19,"521,270",15.90,15.90,15.60,15.65,-,0.10,15.65,9,15.75,1,"22.68"","
1466,聚隆,"55,551",29,"658,706",11.80,12.00,11.80,11.95,+,0.15,11.90,5,11.95,1,"0.00"","
1467,南緯,"1,614,104",589,"18,610,650",11.50,11.70,11.30,11.65,+,0.25,11.65,55,11.70,143,"0.00"","
1468,昶和,"27,000",7,"276,300",10.30,10.30,10.20,10.20,-,0.05,10.15,3,10.20,2,"0.00"","
1469,理隆,"4,000",4,"56,000",13.80,14.20,13.80,14.10,+,0.05,13.80,2,14.10,3,"0.00"","
1470,大統新創,"1,100",2,"20,730",18.90,18.90,18.90,18.90,+,0.20,16.90,1,18.85,1,"38.57"","
1471,首利,"1,413,800",218,"7,318,936",5.22,5.29,5.13,5.25,+,0.01,5.24,15,5.25,2,"0.00"","
1472,三洋紡,"90,013",70,"3,918,356",44.00,44.00,42.65,43.95,-,0.35,43.25,3,43.50,9,"0.00"","
1473,台南,"63,264",46,"1,490,993",23.60,23.65,23.50,23.65,+,0.10,23.55,2,23.65,11,"55.00"","
1474,弘裕,"193,000",48,"2,119,350",11.05,11.05,10.95,10.95,-,0.10,10.95,97,11.00,6,"12.73"","
1475,本盟,"233,756",221,"28,176,653",120.00,130.50,113.00,130.50,+,11.50,130.50,51,--,0,"0.00"","
1476,儒鴻,"2,009,463","1,583","544,413,473",272.00,274.50,268.00,269.00,+,0.50,269.00,41,270.00,2,"22.09"","
1477,聚陽,"1,203,634",974,"142,146,080",121.00,121.50,116.00,117.50,-,3.00,117.50,31,118.00,3,"20.22"","
1503,士電,"47,192",39,"1,969,216",41.80,41.80,41.70,41.70,+,0.10,41.40,8,41.75,4,"16.81"","
1504,東元,"2,520,696","1,590","72,949,803",29.40,29.40,28.75,28.75,-,0.65,28.70,207,28.75,7,"17.01"","
1506,正道,"198,366",100,"4,223,858",21.50,21.50,21.15,21.30,-,0.15,21.30,6,21.35,5,"177.50"","
1507,永大,"980,648",766,"52,485,078",51.70,54.70,51.70,54.20,+,2.50,54.20,4,54.30,9,"18.01"","
1512,瑞利,"785,894",191,"9,857,728",12.90,12.90,12.30,12.45,-,0.25,12.45,4,12.50,24,"0.00"","
1513,中興電,"6,292,485","2,161","140,286,568",22.75,22.75,21.90,21.90,-,0.65,21.90,22,21.95,13,"21.90"","
1514,亞力,"9,648,968","2,956","116,195,521",11.95,12.40,11.35,11.75, ,0.00,11.70,105,11.75,2,"36.72"","
1515,力山,"4,164,616","2,299","244,616,412",61.40,61.40,57.00,57.00,-,3.50,57.00,108,57.10,5,"62.64"","
1516,川飛,"100,186",45,"1,630,753",16.50,16.50,16.10,16.10,-,0.40,16.10,9,16.25,1,"30.38"","
1517,利奇,"2,121,000",396,"25,051,200",11.55,11.90,11.55,11.70,+,0.05,11.70,36,11.75,20,"0.00"","
1519,華城,"1,680,492",826,"35,162,858",21.60,21.80,20.25,20.45,-,0.85,20.45,11,20.50,1,"65.97"","
1521,大億,"176,000",138,"14,082,400",80.40,80.50,79.80,80.10,-,0.30,80.00,5,80.20,4,"11.53"","
1522,堤維西,"1,570,947",772,"51,841,342",33.20,33.40,32.50,33.05, ,0.00,33.05,45,33.10,16,"11.89"","
1524,耿鼎,"892,194",287,"10,333,080",11.65,11.75,11.45,11.50,-,0.10,11.50,45,11.55,1,"10.85"","
1525,江申,"63,088",65,"6,373,343",103.50,103.50,100.50,100.50,-,2.50,100.50,11,102.00,5,"13.26"","
1526,日馳,"374,622",247,"16,826,583",45.00,45.55,44.05,44.60,-,0.40,44.60,5,45.00,5,"15.38"","
1527,鑽全,"275,626",265,"21,503,328",79.80,79.80,77.20,78.00,-,1.90,78.00,6,78.10,3,"19.21"","
1528,恩德,"16,024,529","5,041","245,893,439",14.75,15.95,14.60,15.60,+,1.05,15.60,44,15.65,42,"20.53"","
1529,樂士,"68,000",10,"210,780",3.08,3.10,3.08,3.10,+,0.01,3.08,10,3.10,68,"0.00"","
1530,亞崴,"36,104",30,"1,122,634",31.10,31.15,31.05,31.05,-,0.05,31.00,34,31.10,1,"18.82"","
1531,高林股,"86,000",49,"1,819,500",21.30,21.45,21.00,21.00,-,0.15,21.00,26,21.15,1,"23.86"","
1532,勤美,"292,042",189,"7,994,677",27.50,27.60,27.20,27.30,-,0.15,27.25,10,27.35,2,"15.17"","
1533,車王電,"1,104,526",802,"44,767,523",40.90,42.00,39.30,39.65,+,1.25,39.65,4,39.75,1,"34.78"","
1535,中宇,"20,000",20,"825,400",41.10,41.60,41.10,41.60,-,0.10,41.35,1,41.60,1,"31.04"","
1536,和大,"1,051,185",762,"137,206,450",132.00,132.00,129.50,129.50,-,3.00,129.50,28,130.00,2,"26.54"","
1537,廣隆,"48,030",40,"6,965,350",145.00,146.00,144.50,144.50,-,0.50,144.50,4,145.00,5,"12.65"","
1538,正峰新,"62,482",29,"322,048",5.17,5.19,5.11,5.12,-,0.08,5.12,21,5.21,23,"0.00"","
1539,巨庭,"58,000",38,"1,225,700",21.25,21.25,21.05,21.25,-,0.10,21.10,4,21.25,5,"10.57"","
1540,喬福,"193,813",95,"3,012,818",15.90,15.90,15.40,15.50,-,0.45,15.50,80,15.60,5,"20.67"","
1541,錩泰,"21,000",16,"955,750",45.50,45.60,45.45,45.55,+,0.05,45.55,21,46.00,2,"17.06"","
1558,伸興,"90,829",78,"11,849,183",131.50,131.50,129.50,130.50,-,1.00,130.50,8,131.00,6,"12.28"","
1560,中砂,"4,685,230","3,200","410,377,918",85.90,89.50,84.60,87.00,+,1.80,87.00,27,87.40,2,"16.57"","
1568,倉佑,"677,658",430,"24,423,986",36.30,36.65,35.40,36.15,+,0.05,36.15,1,36.25,1,"18.54"","
1582,信錦,"528,999",415,"34,756,434",66.00,66.20,65.20,65.50,-,0.70,65.50,17,65.60,1,"11.03"","
1583,程泰,"8,268",16,"522,068",64.60,64.60,62.40,63.70,-,0.30,62.70,1,63.50,2,"18.90"","
1589,永冠-KY,"1,103,894",688,"74,722,737",68.30,69.10,66.50,67.10,-,0.60,67.00,5,67.20,10,"14.31"","
1590,亞德客-KY,"1,227,731","1,145","616,457,731",506.00,510.00,496.00,506.00,-,5.00,505.00,2,506.00,1,"33.69"","
1592,英瑞-KY,"97,000",57,"3,202,850",33.00,33.30,32.75,32.85,-,0.45,32.80,3,33.20,1,"11.14"","
1598,岱宇,"45,000",24,"1,765,600",39.35,39.40,39.00,39.25,-,0.10,39.20,3,39.25,2,"150.96"","
1603,華電,"584,710",307,"17,652,855",29.65,30.60,29.20,30.60,+,0.90,30.60,7,30.65,10,"23.54"","
1604,聲寶,"984,058",406,"12,522,679",12.75,12.80,12.65,12.70,+,0.05,12.70,154,12.80,84,"13.37"","
1605,華新,"25,340,853","5,486","416,378,708",16.90,16.90,16.00,16.15,-,0.55,16.15,488,16.20,4,"8.64"","
1608,華榮,"7,037,362","1,921","78,541,059",11.80,11.80,10.80,11.00,-,0.70,10.95,52,11.00,55,"13.41"","
1609,大亞,"63,056,089","15,960","885,778,084",15.10,15.10,13.50,13.50,-,1.45,13.50,"1,953",13.55,109,"19.01"","
1611,中電,"1,674,188",629,"16,047,174",9.82,9.82,9.51,9.52,-,0.21,9.52,36,9.53,5,"0.00"","
1612,宏泰,"2,086,599",522,"22,586,427",11.15,11.20,10.65,10.70,-,0.20,10.70,182,10.75,8,"15.74"","
1614,三洋電,"35,850",27,"827,470",23.25,23.25,23.00,23.00,-,0.25,23.00,4,23.10,1,"33.33"","
1615,大山,"150,759",76,"2,166,551",14.75,14.75,14.20,14.20,-,0.30,14.20,1,14.30,7,"10.76"","
1616,億泰,"160,755",46,"897,339",5.65,5.72,5.51,5.51,-,0.11,5.51,8,5.54,2,"0.00"","
1617,榮星,"122,899",70,"1,708,166",14.20,14.20,13.65,13.85,-,0.30,13.85,47,13.90,2,"13.19"","
1618,合機,"690,446",259,"6,635,791",9.71,9.93,9.47,9.64,-,0.06,9.60,1,9.64,2,"34.43"","
1626,艾美特-KY,"87,000",45,"2,130,900",24.75,24.75,24.20,24.70, ,0.00,24.65,3,24.70,9,"23.75"","
1701,中化,"345,364",224,"6,349,708",18.35,18.45,18.30,18.40, ,0.00,18.35,15,18.40,2,"18.59"","
1702,南僑,"307,541",224,"18,281,713",60.00,60.00,59.10,59.50,-,0.80,59.50,9,59.60,2,"14.41"","
1704,榮化,"1,122,770",514,"46,651,066",41.80,41.90,41.35,41.50,-,0.25,41.50,7,41.55,10,"8.98"","
1707,葡萄王,"2,339,606","1,715","461,191,776",197.00,200.50,193.00,197.50,+,2.50,197.00,33,197.50,1,"20.55"","
1708,東鹼,"518,844",296,"14,915,701",29.00,29.15,28.50,28.80, ,0.00,28.75,9,28.85,6,"9.23"","
1709,和益,"598,259",210,"11,036,269",18.50,18.50,18.35,18.40,-,0.10,18.40,1,18.45,43,"12.27"","
1710,東聯,"11,418,837","4,940","346,468,217",31.50,31.55,29.00,30.20,-,1.05,30.20,71,30.30,25,"17.26"","
1711,永光,"495,696",230,"9,180,337",18.65,18.65,18.45,18.50,-,0.25,18.50,5,18.55,21,"34.26"","
1712,興農,"1,325,363",514,"23,215,200",17.55,17.65,17.45,17.45,-,0.10,17.45,270,17.50,5,"10.84"","
1713,國化,"77,000",13,"1,291,350",16.95,16.95,16.60,16.90, ,0.00,16.80,1,16.85,3,"29.14"","
1714,和桐,"9,312,222","2,643","95,056,054",10.45,10.60,9.76,10.15,-,0.30,10.15,161,10.20,61,"19.90"","
1717,長興,"410,091",299,"12,698,621",31.25,31.25,30.80,30.80,-,0.45,30.80,24,30.85,4,"21.10"","
1718,中纖,"25,482,976","5,073","259,621,050",10.55,10.60,9.90,10.10,-,0.35,10.10,440,10.15,96,"16.83"","
1720,生達,"3,570,452","1,965","137,741,950",38.60,39.20,37.50,38.60,+,0.90,38.60,4,38.65,3,"17.55"","
1721,三晃,"123,755",45,"1,597,287",13.00,13.00,12.85,12.85,-,0.10,12.85,28,12.95,30,"22.54"","
1722,台肥,"5,324,053","2,780","205,428,684",38.55,38.95,38.35,38.50,+,0.20,38.50,18,38.55,12,"53.47"","
1723,中碳,"880,700",599,"108,672,500",126.50,126.50,122.00,122.50,-,4.00,122.50,12,123.00,8,"25.00"","
1724,台硝,"56,736",26,"795,856",14.25,14.25,14.00,14.05,-,0.15,14.05,21,14.20,6,"21.29"","
1725,元禎,"28,000",13,"421,500",15.15,15.15,15.00,15.00,+,0.05,14.95,1,15.05,2,"11.72"","
1726,永記,"12,114",15,"984,434",81.90,81.90,80.40,81.90,-,0.10,80.60,1,81.50,1,"15.48"","
1727,中華化,"340,191",128,"4,764,252",14.15,14.20,13.65,14.05,-,0.10,14.00,1,14.05,8,"16.93"","
1730,花仙子,"75,575",56,"3,078,925",40.70,41.00,40.60,40.85,+,0.15,40.75,2,40.90,2,"12.93"","
1731,美吾華,"363,250",176,"5,053,450",14.00,14.05,13.80,14.00, ,0.00,13.95,2,14.00,15,"17.72"","
1732,毛寶,"50,010",27,"620,976",12.35,12.50,12.35,12.50, ,0.00,12.40,6,12.50,58,"0.00"","
1733,五鼎,"104,400",76,"3,345,139",31.85,32.20,31.85,32.10,+,0.25,32.00,56,32.10,2,"0.00"","
1734,杏輝,"234,695",159,"5,111,113",22.00,22.15,21.65,21.75,-,0.15,21.75,1,21.85,12,"65.91"","
1735,日勝化,"479,100",197,"9,227,125",19.30,19.30,19.20,19.25,-,0.05,19.25,2,19.30,55,"37.75"","
1736,喬山,"89,965",74,"3,038,871",33.95,33.95,33.65,33.75,-,0.15,33.70,11,33.75,4,"28.60"","
1737,臺鹽,"137,351",79,"3,818,704",27.80,27.90,27.75,27.80, ,0.00,27.80,3,27.85,8,"15.53"","
1762,中化生,"517,184",276,"13,991,561",27.50,27.65,26.80,26.80,-,0.40,26.80,1,26.90,2,"31.16"","
1773,勝一,"123,747",95,"9,268,648",75.20,75.50,74.50,74.90,-,0.30,74.70,2,74.90,3,"13.00"","
1776,展宇,"29,000",11,"606,750",20.90,21.00,20.85,21.00,+,0.15,20.85,2,21.00,10,"15.00"","
1783,和康生,"456,501",289,"11,491,774",25.35,25.45,24.75,25.00,+,0.20,24.90,7,25.00,2,"108.70"","
1786,科妍,"35,000",28,"1,359,450",38.90,39.00,38.70,38.90, ,0.00,38.90,3,39.00,1,"94.88"","
1789,神隆,"1,061,194",679,"37,209,694",35.45,35.60,34.70,35.05,-,0.35,35.05,14,35.10,2,"54.77"","
1802,台玻,"9,350,039","2,833","160,904,914",17.10,17.40,16.95,17.25,+,0.45,17.20,253,17.25,43,"59.48"","
1805,寶徠,"101,464",47,"1,340,997",13.40,13.40,12.95,13.40,+,0.25,13.35,4,13.40,11,"0.00"","
1806,冠軍,"866,309",313,"6,952,862",8.04,8.10,7.97,8.01,-,0.01,8.01,29,8.02,20,"0.00"","
1808,潤隆,"743,426",292,"30,584,593",41.50,41.50,40.70,40.90,-,0.30,40.80,1,40.90,6,"17.86"","
1809,中釉,"422,752",167,"5,041,347",12.10,12.10,11.80,11.95,-,0.15,11.95,9,12.00,1,"1,195.00"","
1810,和成,"853,400",318,"8,151,936",9.66,9.68,9.50,9.52,-,0.13,9.52,8,9.58,1,"34.00"","
1817,凱撒衛,"473,000",265,"19,728,750",42.80,42.80,40.70,42.00,-,0.80,41.90,1,42.00,446,"11.67"","
1902,台紙,"410,271",201,"7,316,643",17.85,17.95,17.75,17.75,-,0.10,17.75,16,17.90,25,"0.00"","
1903,士紙,"73,332",55,"2,324,174",31.85,31.95,31.50,31.80,+,0.35,31.65,2,31.80,9,"0.00"","
1904,正隆,"2,876,231",955,"46,092,896",16.10,16.15,15.95,15.95,-,0.10,15.95,134,16.00,32,"13.99"","
1905,華紙,"881,583",309,"9,761,613",11.15,11.15,11.00,11.05,-,0.10,11.05,88,11.10,34,"19.39"","
1906,寶隆,"453,347",264,"13,217,727",28.90,29.40,28.60,29.05,+,0.20,29.05,7,29.15,6,"3.51"","
1907,永豐餘,"2,781,878",802,"35,307,958",12.75,12.85,12.55,12.60,-,0.10,12.60,253,12.70,214,"13.70"","
1909,榮成,"11,583,855","5,620","484,512,182",41.05,42.40,40.95,41.95,+,0.95,41.90,2,41.95,16,"10.76"","
2002,中鋼,"10,946,837","3,547","267,686,247",24.45,24.55,24.35,24.45,-,0.05,24.45,19,24.50,554,"26.58"","
2002A,中鋼特,0,0,0,--,--,--,--, ,0.00,42.15,5,42.40,1,"0.00"","
2006,東和鋼鐵,"314,050",214,"7,451,707",23.75,23.85,23.65,23.80,-,0.15,23.75,3,23.80,10,"16.30"","
2007,燁興,"192,776",79,"980,850",5.10,5.14,5.05,5.06,-,0.04,5.06,2,5.09,2,"0.00"","
2008,高興昌,"1,060,751",61,"12,664,895",12.00,12.00,11.90,11.95,-,0.05,11.90,223,11.95,76,"0.00"","
2009,第一銅,"874,765",223,"9,351,095",10.85,10.85,10.60,10.65,-,0.10,10.60,89,10.65,5,"18.36"","
2010,春源,"206,800",87,"2,321,029",11.25,11.25,11.20,11.20,-,0.05,11.20,45,11.25,14,"18.98"","
2012,春雨,"49,510",24,"702,666",14.30,14.30,14.05,14.05,-,0.20,14.05,8,14.10,33,"14.05"","
2013,中鋼構,"254,733",120,"4,852,072",18.95,19.30,18.85,19.30,+,0.35,19.25,3,19.30,2,"87.73"","
2014,中鴻,"3,469,409",767,"37,929,719",11.00,11.10,10.85,10.95,-,0.05,10.95,34,11.00,393,"8.49"","
2015,豐興,"101,260",99,"5,278,071",52.40,52.40,51.90,52.00,-,0.40,52.00,6,52.20,16,"14.09"","
2017,官田鋼,"574,815",199,"5,476,502",9.50,9.60,9.47,9.51,+,0.04,9.51,11,9.52,4,"10.93"","
2020,美亞,"130,140",46,"1,744,381",13.40,13.45,13.40,13.45, ,0.00,13.45,8,13.50,18,"8.97"","
2022,聚亨,"998,889",135,"5,997,756",6.01,6.04,5.99,6.00, ,0.00,6.00,42,6.01,29,"0.00"","
2023,燁輝,"1,543,567",672,"17,541,233",11.45,11.50,11.30,11.35,-,0.10,11.35,27,11.40,79,"10.41"","
2024,志聯,"501,640",140,"5,161,942",10.40,10.40,10.25,10.35, ,0.00,10.30,52,10.35,41,"8.70"","
2025,千興,"156,012",29,"425,824",2.70,2.78,2.69,2.74,+,0.04,2.72,2,2.74,4,"19.57"","
2027,大成鋼,"1,508,937",543,"28,664,353",19.10,19.10,18.90,19.00,-,0.10,18.95,180,19.00,69,"12.75"","
2028,威致,"71,452",33,"651,057",8.97,9.20,8.95,8.95,+,0.02,8.95,20,9.08,1,"5.77"","
2029,盛餘,"355,308",271,"10,136,493",28.70,29.00,28.30,28.60, ,0.00,28.60,4,28.70,1,"9.29"","
2030,彰源,"1,557,920",575,"23,526,139",15.30,15.30,15.00,15.05,-,0.25,15.05,18,15.10,5,"7.96"","
2031,新光鋼,"2,302,847",956,"61,467,569",26.30,27.05,26.30,26.75,+,0.55,26.75,6,26.80,5,"8.89"","
2032,新鋼,"36,080",16,"359,832",10.00,10.00,9.96,9.96,-,0.04,9.96,7,10.00,4,"52.42"","
2033,佳大,"1,000",1,"9,190",9.19,9.19,9.19,9.19,+,0.04,9.10,12,9.17,5,"16.71"","
2034,允強,"585,316",291,"14,938,057",25.60,25.60,25.40,25.50,-,0.10,25.50,29,25.60,12,"11.43"","
2038,海光,"622,450",84,"4,808,595",7.72,7.76,7.61,7.75,+,0.13,7.75,28,7.76,104,"45.59"","
2049,上銀,"4,642,538","3,669","1,555,341,256",340.50,342.50,329.50,329.50,-,1.00,329.50,2,330.00,1,"39.23"","
2059,川湖,"139,060",130,"57,020,980",411.00,412.00,408.50,411.00,+,1.00,410.00,1,411.50,3,"30.67"","
2062,橋椿,"449,050",336,"16,667,622",37.00,37.50,36.80,37.10,+,0.30,37.10,1,37.20,7,"14.96"","
2069,運錩,"161,000",58,"3,932,800",24.25,24.60,24.20,24.50,+,0.20,24.45,4,24.50,6,"15.12"","
2101,南港,"243,447",149,"6,561,953",27.10,27.10,26.85,26.85,-,0.25,26.85,52,27.00,13,"33.99"","
2102,泰豐,"606,753",175,"8,071,902",13.25,13.45,13.25,13.35,+,0.10,13.35,7,13.40,35,"0.00"","
2103,台橡,"2,731,897","1,718","99,431,001",37.00,37.10,35.50,36.80,-,0.20,36.80,20,36.85,20,"49.07"","
2104,國際中橡,"4,309,302","1,855","183,573,375",43.00,43.30,42.05,42.50,-,0.30,42.50,106,42.55,29,"11.33"","
2105,正新,"6,833,926","3,193","348,557,679",51.30,51.40,50.80,50.90,-,0.50,50.90,127,51.00,96,"23.79"","
2106,建大,"532,432",313,"20,288,051",38.35,38.35,38.00,38.10,-,0.15,38.05,20,38.10,5,"28.22"","
2107,厚生,"1,104,813",413,"16,147,307",14.55,14.75,14.50,14.65,+,0.25,14.65,17,14.70,55,"14.65"","
2108,南帝,"957,890",395,"22,041,755",23.30,23.30,22.80,23.10,-,0.20,23.10,20,23.15,35,"16.86"","
2109,華豐,"1,065,209",178,"12,465,672",11.60,11.85,11.50,11.70,+,0.10,11.65,4,11.70,46,"0.00"","
2114,鑫永銓,"84,500",69,"7,574,850",90.70,90.70,88.40,90.00,-,0.30,89.80,2,90.00,9,"18.79"","
2115,六暉-KY,"56,160",36,"2,536,150",45.10,45.50,45.10,45.15,+,0.05,45.10,7,45.15,1,"12.14"","
2201,裕隆,"8,579,729","3,239","205,618,612",24.05,24.10,23.85,23.95,+,0.05,23.90,374,23.95,652,"23.71"","
2204,中華,"1,008,696",709,"27,089,620",27.00,27.05,26.70,26.95,+,0.05,26.90,13,27.00,8,"10.33"","
2206,三陽工業,"810,809",433,"17,364,458",21.50,21.55,21.35,21.40,-,0.10,21.35,110,21.40,12,"31.47"","
2207,和泰車,"153,200",155,"53,281,900",345.00,351.50,343.00,348.50,+,1.50,348.50,14,350.00,3,"18.45"","
2208,台船,"765,558",295,"8,890,315",11.55,11.70,11.55,11.55,+,0.05,11.55,93,11.60,22,"0.00"","
2227,裕日車,"162,842",171,"41,381,210",253.00,258.00,250.50,257.00,+,4.00,255.50,8,257.00,2,"12.32"","
2228,劍麟,"81,000",77,"9,447,500",117.00,118.00,116.00,116.50, ,0.00,116.00,7,116.50,2,"16.69"","
2231,為升,"278,737",237,"85,718,759",308.00,313.00,305.00,307.00,-,4.00,307.00,9,308.00,1,"26.47"","
2236,百達-KY,"30,002",24,"1,640,709",54.70,55.00,54.20,54.80,+,0.30,54.40,1,54.80,2,"15.75"","
2239,英利-KY,"100,005",93,"14,353,220",145.00,145.00,142.00,143.50,-,0.50,143.50,1,144.50,1,"17.06"","
2243,宏旭-KY,"159,000",106,"7,885,200",50.00,50.30,49.10,49.35,-,0.65,49.35,2,49.50,5,"17.02"","
2301,光寶科,"16,497,951","3,665","616,343,771",37.30,37.55,37.00,37.40,+,0.55,37.40,15,37.45,194,"29.68"","
2302,麗正,"1,269,550",397,"7,930,074",6.25,6.34,6.07,6.21,-,0.04,6.20,3,6.21,2,"0.00"","
2303,聯電,"38,098,822","8,661","584,152,696",15.40,15.55,15.10,15.35,+,0.05,15.35,390,15.40,264,"18.06"","
2305,全友,"1,227,721",365,"11,260,154",9.30,9.30,9.08,9.14,-,0.01,9.13,52,9.14,5,"3.07"","
2308,台達電,"4,630,641","2,917","635,844,119",137.00,138.50,136.00,137.00,+,0.50,137.00,70,137.50,108,"19.16"","
2311,日月光,"26,708,425","7,629","1,024,642,427",38.90,39.15,37.80,38.60,-,0.25,38.50,29,38.60,136,"13.22"","
2312,金寶,"3,085,279","1,126","32,024,181",10.50,10.55,10.30,10.35,-,0.20,10.35,106,10.40,86,"24.64"","
2313,華通,"23,844,679","10,040","1,055,628,359",45.10,45.40,42.40,44.50,+,0.05,44.50,12,44.55,1,"16.60"","
2314,台揚,"1,476,103",779,"49,987,300",34.55,34.60,33.50,33.65,-,0.85,33.60,87,33.80,29,"39.13"","
2316,楠梓電,"801,819",366,"15,615,025",19.70,19.90,19.20,19.40,-,0.25,19.40,94,19.45,3,"35.93"","
2317,鴻海,"81,553,414","37,934","8,098,927,195",100.00,100.50,98.00,99.10,-,0.90,99.10,271,99.20,20,"12.64"","
2321,東訊,"48,999",21,"129,186",2.58,2.68,2.58,2.63,+,0.17,2.63,9,2.67,8,"0.00"","
2323,中環,"5,468,211",885,"22,886,866",4.22,4.25,4.14,4.15,-,0.03,4.15,78,4.16,26,"0.00"","
2324,仁寶,"14,610,642","4,265","307,104,089",20.95,21.25,20.75,21.05,+,0.30,21.05,278,21.10,165,"14.72"","
2325,矽品,"1,570,203",712,"78,526,150",50.00,50.10,50.00,50.00, ,0.00,50.00,650,50.10,"1,161","18.94"","
2327,國巨,"5,484,856","4,485","1,751,162,648",333.00,333.00,305.00,310.00,-,26.00,310.00,35,311.00,8,"21.03"","
2328,廣宇,"11,548,388","4,044","310,690,250",27.50,27.80,26.50,26.60,-,0.75,26.60,118,26.70,3,"20.62"","
2329,華泰,"4,958,730","1,934","49,299,042",10.15,10.25,9.76,9.92,-,0.23,9.92,60,9.93,34,"0.00"","
2330,台積電,"38,356,265","17,632","8,830,392,980",228.50,233.50,227.50,231.00,+,5.00,231.00,112,231.50,14,"17.41"","
2331,精英,"1,571,420",716,"30,560,245",19.50,19.75,19.10,19.50,+,0.10,19.45,20,19.50,2,"15.12"","
2332,友訊,"3,352,436","1,220","34,213,162",10.20,10.35,10.05,10.25,+,0.15,10.20,156,10.25,6,"0.00"","
2337,旺宏,"75,580,646","20,538","3,515,348,116",47.85,47.85,45.95,46.15,-,1.25,46.15,785,46.20,64,"22.85"","
2338,光罩,"2,214,166",630,"40,850,484",18.60,18.75,18.30,18.30,-,0.40,18.30,179,18.35,4,"0.00"","
2340,光磊,"13,847,937","5,257","321,578,901",23.90,24.10,21.70,23.10,-,0.30,23.10,8,23.15,8,"14.17"","
2342,茂矽,"80,420",99,"1,298,686",16.00,16.50,16.00,16.25,+,0.25,16.20,19,16.40,1,"0.00"","
2344,華邦電,"102,077,906","24,194","2,801,104,002",28.05,28.05,26.85,26.90,-,1.70,26.90,138,26.95,3,"21.02"","
2345,智邦,"7,462,227","4,008","791,229,335",108.50,110.00,103.00,105.00,-,5.00,105.00,589,105.50,15,"23.44"","
2347,聯強,"5,153,341","2,803","206,493,959",40.60,40.85,39.65,39.70,-,0.90,39.70,70,39.80,21,"11.68"","
2348,海悅,"10,076",14,"262,006",26.40,26.40,25.70,25.95,-,0.85,25.95,1,26.65,5,"19.22"","
2349,錸德,"3,569,855",669,"16,790,122",4.70,4.76,4.68,4.69,-,0.03,4.69,128,4.70,23,"0.00"","
2351,順德,"2,049,415","1,446","175,295,365",86.80,88.20,84.00,85.10,-,2.50,85.00,11,85.10,2,"20.66"","
2352,佳世達,"16,721,168","5,171","335,016,865",20.15,20.35,19.60,20.20,+,0.20,20.20,41,20.25,40,"7.27"","
2353,宏碁,"28,834,934","7,545","586,377,335",20.65,20.80,20.00,20.35,-,0.15,20.30,156,20.35,47,"0.00"","
2354,鴻準,"10,008,365","6,025","829,731,933",83.80,84.80,81.10,83.90,+,0.50,83.80,50,83.90,44,"15.37"","
2355,敬鵬,"1,417,067","1,021","86,508,304",62.20,62.30,60.10,60.90,-,0.80,60.90,6,61.00,1,"12.58"","
2356,英業達,"4,850,820","2,688","108,957,146",22.60,22.60,22.25,22.50, ,0.00,22.50,304,22.55,20,"12.03"","
2357,華碩,"1,300,586","1,095","352,565,220",273.50,274.00,269.00,270.00,-,6.00,270.00,15,270.50,5,"12.20"","
2358,廷鑫,"1,663,858",742,"42,795,489",26.80,26.90,24.50,25.65,-,1.05,25.60,34,25.65,30,"0.00"","
2359,所羅門,"959,061",489,"19,816,148",21.15,21.20,20.30,20.60,-,0.35,20.60,69,20.65,20,"22.64"","
2360,致茂,"4,709,306","3,245","812,998,408",178.50,181.50,168.00,168.00,-,8.50,168.00,63,169.00,1,"33.33"","
2362,藍天,"502,805",340,"14,232,815",28.60,28.60,28.00,28.30,-,0.30,28.30,5,28.45,3,"24.40"","
2363,矽統,"41,141,761","9,190","403,574,069",9.91,9.99,9.52,9.53,+,0.22,9.53,11,9.54,101,"0.00"","
2364,倫飛,"63,645",29,"160,919",2.51,2.55,2.49,2.49,-,0.01,2.50,5,2.52,10,"0.00"","
2365,昆盈,"773,043",296,"8,135,589",10.60,10.80,10.25,10.30,-,0.30,10.30,79,10.45,1,"0.00"","
2367,燿華,"52,971,293","14,267","926,801,331",18.40,18.55,16.75,17.00,-,1.05,17.00,852,17.05,85,"34.00"","
2368,金像電,"3,323,081",891,"33,668,210",10.35,10.40,10.00,10.00,-,0.25,10.00,534,10.05,41,"0.00"","
2369,菱生,"5,670,509","2,039","87,363,460",15.60,15.70,15.15,15.30,-,0.45,15.30,84,15.35,30,"38.25"","
2371,大同,"60,450,081","11,217","1,058,074,738",18.20,18.25,16.90,17.55,-,0.30,17.55,340,17.60,44,"438.75"","
2373,震旦行,"300,682",256,"26,635,319",88.20,89.20,88.00,88.50,+,0.10,88.50,3,88.60,2,"14.05"","
2374,佳能,"765,807",489,"15,476,321",20.60,20.60,19.90,20.10,-,0.50,20.10,31,20.15,14,"16.08"","
2375,智寶,"11,989,945","5,429","408,282,439",33.50,35.20,32.55,33.95,+,1.85,33.90,8,33.95,43,"16.32"","
2376,技嘉,"10,508,114","5,880","518,529,339",49.25,50.80,47.85,47.85,-,0.75,47.80,52,48.00,23,"12.33"","
2377,微星,"6,053,253","3,785","432,165,863",73.80,73.90,70.00,70.90,-,2.40,70.90,91,71.00,3,"12.40"","
2379,瑞昱,"3,562,707","2,332","384,187,149",112.00,112.50,105.50,107.00,-,4.50,107.00,7,107.50,26,"16.54"","
2380,虹光,"216,962",98,"1,483,659",6.90,6.90,6.80,6.83,-,0.02,6.83,6,6.87,5,"0.00"","
2382,廣達,"20,653,404","6,627","1,273,615,179",61.70,62.10,61.10,62.10,+,0.60,62.00,5,62.10,37,"16.13"","
2383,台光電,"4,824,871","2,776","534,406,990",115.00,115.50,109.00,109.00,-,5.00,109.00,343,109.50,3,"11.55"","
2385,群光,"1,475,627","1,121","113,497,570",77.90,78.00,76.40,76.50,-,3.10,76.50,61,76.60,4,"12.62"","
2387,精元,"199,601",97,"3,421,085",17.25,17.25,16.85,17.25, ,0.00,17.20,20,17.25,11,"8.80"","
2388,威盛,"823,412",259,"8,808,291",10.75,10.80,10.60,10.65,-,0.05,10.60,90,10.65,3,"66.56"","
2390,云辰,"368,996",168,"4,456,500",12.20,12.30,11.95,11.95,-,0.15,11.95,27,12.05,17,"0.00"","
2392,正崴,"2,721,668","1,679","136,510,407",51.50,51.50,48.00,50.00, ,0.00,50.00,5,50.20,1,"15.72"","
2393,億光,"2,649,392","1,578","120,584,944",46.00,46.15,45.00,45.20,-,0.65,45.20,21,45.25,1,"13.95"","
2395,研華,"717,001",668,"143,578,700",201.00,201.50,199.00,199.50,-,0.50,199.50,24,200.00,20,"23.39"","
2397,友通,"67,070",56,"3,799,033",56.20,57.10,56.20,56.50,-,0.70,56.50,8,56.70,14,"13.95"","
2399,映泰,"10,494,001","3,283","157,363,414",14.95,15.50,13.65,13.65,-,1.30,13.65,79,13.85,6,"21.67"","
2401,凌陽,"6,418,591","2,210","109,255,460",17.45,17.50,16.75,16.95,-,0.40,16.95,21,17.00,110,"20.93"","
2402,毅嘉,"1,276,100",527,"20,203,017",16.10,16.20,15.65,15.70,-,0.30,15.70,31,15.85,10,"0.00"","
2404,漢唐,"2,410,155","1,549","142,093,228",59.60,59.60,57.60,58.70,-,0.10,58.70,24,58.80,15,"10.10"","
2405,浩鑫,"8,478,949","1,989","193,058,207",24.40,24.40,22.35,22.35,-,2.45,--,0,22.35,"14,561","0.00"","
2406,國碩,"2,898,570","1,285","48,174,179",16.90,16.95,16.25,16.45,-,0.20,16.45,40,16.50,29,"0.00"","
2408,南亞科,"35,242,479","15,127","2,672,432,104",77.20,77.60,74.80,75.60,-,2.20,75.60,203,75.80,3,"5.42"","
2409,友達,"72,278,474","10,045","913,352,165",12.80,12.80,12.55,12.55,-,0.20,12.55,"5,489",12.60,"1,674","3.25"","
2412,中華電,"10,298,399","4,998","1,071,713,996",104.00,104.50,103.50,104.00,+,0.50,104.00,471,104.50,"4,901","21.27"","
2413,環科,"618,100",255,"12,703,773",21.30,21.30,20.30,20.35,-,0.35,20.35,44,20.65,8,"0.00"","
2414,精技,"235,670",152,"4,604,547",19.60,19.65,19.45,19.50,-,0.05,19.50,1,19.60,3,"12.26"","
2415,錩新,"268,452",192,"7,027,202",26.90,26.95,25.60,26.00,-,0.80,26.00,22,26.25,1,"14.29"","
2417,圓剛,"3,074,300","1,026","40,539,328",13.60,13.80,12.80,13.05,-,0.45,13.05,101,13.10,6,"0.00"","
2419,仲琦,"10,946,091","3,935","252,231,879",22.75,23.30,22.60,22.95,+,0.30,22.95,74,23.00,88,"12.14"","
2420,新巨,"510,626",332,"18,829,547",36.85,37.15,36.45,37.00,+,0.15,36.85,6,37.00,1,"10.57"","
2421,建準,"5,447,430","3,493","319,109,195",60.50,61.80,57.30,57.40,-,3.60,57.40,29,57.50,21,"19.93"","
2423,固緯,"160,508",121,"3,924,345",24.60,24.70,24.20,24.60, ,0.00,24.50,1,24.60,2,"11.60"","
2424,隴華,"2,000",1,"52,800",26.40,26.40,26.40,26.40, ,0.00,26.05,1,28.20,3,"0.00"","
2425,承啟,"41,120",32,"621,506",15.25,15.30,15.05,15.10,-,0.10,15.10,15,15.20,15,"302.00"","
2426,鼎元,"9,639,156","3,620","154,912,868",16.30,16.45,15.50,15.90,-,0.20,15.85,73,15.90,9,"17.87"","
2427,三商電,"1,769,599",560,"18,249,138",10.55,10.65,10.15,10.30,-,0.20,10.30,37,10.35,38,"24.52"","
2428,興勤,"1,060,002",847,"94,458,381",91.30,91.80,87.00,88.30,-,2.40,88.30,5,88.50,5,"10.64"","
2429,銘旺科,0,0,0,--,--,--,--, ,0.00,12.45,1,13.55,1,"0.00"","
2430,燦坤,"102,330",80,"2,331,555",22.85,22.95,22.70,22.85, ,0.00,22.80,1,22.85,2,"13.13"","
2431,聯昌,"634,281",333,"10,314,972",16.55,16.65,16.05,16.15,-,0.30,16.15,81,16.20,2,"32.30"","
2433,互盛電,"65,208",61,"2,806,467",43.15,43.20,42.90,42.90,-,0.25,42.90,1,43.00,1,"11.59"","
2434,統懋,"67,402",32,"664,227",10.00,10.00,9.74,9.80,-,0.20,9.80,7,9.95,5,"0.00"","
2436,偉詮電,"2,679,412","1,245","80,113,081",30.65,30.65,29.45,29.80,-,0.45,29.80,51,29.85,2,"33.86"","
2438,翔耀,"30,014",17,"206,144",6.90,6.90,6.85,6.85,-,0.12,6.85,11,6.97,20,"0.00"","
2439,美律,"7,557,019","5,237","1,615,865,066",223.00,223.00,208.00,212.00,-,8.50,212.00,103,213.00,6,"18.98"","
2440,太空梭,"29,000",15,"303,050",10.45,10.55,10.40,10.45, ,0.00,10.45,2,10.55,3,"17.13"","
2441,超豐,"524,689",380,"26,978,510",52.10,52.30,51.10,51.40,-,0.50,51.30,6,51.40,1,"11.90"","
2442,新美齊,"133,659",71,"1,021,755",7.70,7.70,7.61,7.61,-,0.08,7.61,12,7.65,1,"0.00"","
2443,新利虹,"218,996",46,"1,350,274",6.22,6.22,6.15,6.18,-,0.02,6.16,20,6.30,1,"0.00"","
2444,兆勁,"2,120,134",938,"82,729,850",38.95,39.95,38.30,38.35,-,0.20,38.35,202,38.60,3,"319.58"","
2448,晶電,"70,683,135","28,676","3,833,720,574",55.10,55.80,52.20,52.50,-,1.50,52.50,425,52.60,25,"50.97"","
2449,京元電子,"4,932,336","2,531","153,421,725",31.35,31.55,30.65,31.00,-,0.10,31.00,47,31.10,22,"15.20"","
2450,神腦,"82,000",69,"4,219,100",51.70,52.00,51.20,51.20,-,0.30,51.20,1,51.50,6,"14.38"","
2451,創見,"1,930,261","1,412","163,214,985",83.70,85.00,83.60,85.00,+,1.30,84.90,1,85.00,136,"11.89"","
2453,凌群,"396,000",164,"5,395,350",13.70,13.80,13.50,13.60,-,0.05,13.55,36,13.60,4,"15.63"","
2454,聯發科,"8,055,572","5,925","2,573,830,984",326.50,329.00,312.00,315.00,-,11.00,315.00,299,315.50,7,"25.80"","
2455,全新,"26,069,972","14,756","2,834,870,926",108.00,114.50,104.00,109.00,+,4.50,109.00,65,109.50,19,"57.37"","
2456,奇力新,"8,613,668","5,751","851,736,878",104.50,105.00,94.40,97.60,-,6.40,97.60,7,97.70,2,"19.64"","
2457,飛宏,"4,642,802","1,503","61,576,694",13.45,13.65,13.00,13.05,-,0.45,13.05,77,13.10,5,"17.40"","
2458,義隆,"11,362,020","5,357","575,241,281",52.40,52.70,49.25,49.60,-,1.60,49.60,39,49.70,6,"20.75"","
2459,敦吉,"212,850",152,"9,342,462",44.20,44.20,43.70,43.90,-,0.30,43.85,1,43.90,2,"10.66"","
2460,建通,"863,341",312,"11,208,165",13.25,13.25,12.85,12.90,-,0.15,12.90,23,12.95,7,"0.00"","
2461,光群雷,"16,934,510","4,697","299,262,430",18.40,18.45,16.90,17.00,-,0.75,16.95,125,17.00,31,"10.69"","
2462,良得電,"383,016",141,"12,231,155",32.20,32.20,31.80,31.90,-,0.30,31.90,1,31.95,2,"37.09"","
2464,盟立,"2,378,216","1,393","99,203,684",41.55,42.00,41.05,41.80,+,0.40,41.80,29,41.85,20,"20.69"","
2465,麗臺,"1,218,938",584,"24,550,231",20.80,21.00,19.65,19.65,-,0.95,19.65,33,19.70,3,"0.00"","
2466,冠西電,"83,000",47,"2,864,400",34.60,34.80,34.15,34.25,-,0.35,34.10,1,34.30,1,"311.36"","
2467,志聖,"1,246,760",694,"32,279,130",26.25,26.50,25.35,25.90,-,0.35,25.85,10,25.90,3,"10.93"","
2468,華經,"70,000",34,"779,450",11.20,11.30,11.05,11.25,+,0.05,11.15,4,11.25,5,"19.07"","
2471,資通,"47,001",27,"697,364",15.05,15.05,14.80,14.85, ,0.00,14.85,9,14.90,13,"14.28"","
2472,立隆電,"4,898,112","2,430","273,194,561",57.40,58.30,52.20,57.00,+,0.70,57.00,290,57.10,26,"15.88"","
2474,可成,"5,882,898","4,115","1,929,438,146",327.00,332.00,322.00,328.50,+,5.50,328.50,7,329.00,5,"10.96"","
2475,華映,"8,372,833",482,"21,582,191",2.70,2.70,2.42,2.57,-,0.11,2.57,43,2.58,213,"4.43"","
2476,鉅祥,"108,999",67,"2,822,974",26.00,26.10,25.75,26.05,-,0.05,26.00,3,26.05,4,"10.81"","
2477,美隆電,"536,342",222,"17,585,977",33.80,33.80,32.45,32.85,-,0.45,32.80,1,32.85,3,"16.43"","
2478,大毅,"518,120",273,"13,438,620",27.00,27.05,24.65,25.60,-,0.90,25.60,4,25.65,7,"24.62"","
2480,敦陽科,"201,639",153,"6,972,687",34.55,34.80,34.40,34.50,-,0.05,34.50,1,34.70,7,"12.23"","
2481,強茂,"25,033,310","10,958","831,818,011",34.90,35.35,31.30,31.95,-,2.00,31.95,60,32.00,27,"15.74"","
2482,連宇,"116,000",53,"1,444,150",12.60,12.60,12.35,12.35,-,0.30,12.35,10,12.50,2,"0.00"","
2483,百容,"908,040",440,"21,863,157",24.60,24.65,23.75,23.75,-,0.85,23.70,27,23.75,9,"14.05"","
2484,希華,"7,143,773","2,671","156,867,582",21.70,22.50,21.00,22.00,+,0.40,22.00,82,22.05,10,"15.38"","
2485,兆赫,"5,611,471","2,571","174,718,404",31.30,31.45,30.55,30.85,-,0.10,30.85,17,30.90,12,"61.70"","
2486,一詮,"14,508,935","3,346","163,189,609",10.50,11.35,10.50,11.35,+,1.00,11.35,542,--,0,"0.00"","
2488,漢平,"320,667",195,"9,883,525",31.15,31.20,30.60,30.65,-,0.50,30.65,11,30.80,1,"8.44"","
2489,瑞軒,"2,799,551","1,305","45,429,013",16.40,16.50,16.10,16.10,-,0.30,16.10,194,16.15,38,"0.00"","
2491,吉祥全,"8,449",11,"57,557",6.71,6.90,6.65,6.90,+,0.19,6.90,3,7.05,5,"11.90"","
2492,華新科,"6,517,241","4,230","698,450,168",111.00,111.50,103.00,103.00,-,9.00,103.00,99,103.50,1,"21.87"","
2493,揚博,"294,051",163,"7,808,442",26.40,26.75,26.40,26.60,+,0.20,26.60,8,26.65,14,"11.42"","
2495,普安,"199,200",78,"2,820,190",14.30,14.30,14.10,14.15,-,0.15,14.15,42,14.20,7,"19.93"","
2496,卓越,"65,426",75,"9,967,252",155.00,155.00,150.50,152.00,-,2.50,151.50,5,153.00,5,"16.19"","
2497,怡利電,"135,167",100,"4,010,060",30.05,30.05,29.10,29.60,-,0.55,29.60,1,29.75,4,"0.00"","
2498,宏達電,"5,402,413","3,362","368,993,996",68.10,69.30,67.10,68.40,+,1.00,68.30,18,68.40,8,"0.00"","
2499,東貝,"2,048,734",694,"24,368,257",11.95,12.05,11.70,11.80,-,0.15,11.80,144,11.85,11,"0.00"","
2501,國建,"315,183",197,"5,290,410",16.90,17.00,16.70,16.80,-,0.10,16.75,13,16.80,8,"9.55"","
2504,國產,"1,472,127",403,"13,644,255",9.31,9.32,9.23,9.24,-,0.04,9.24,10,9.26,16,"0.00"","
2505,國揚,"1,020,066",286,"14,127,054",13.85,13.90,13.80,13.85,+,0.20,13.85,4,13.90,112,"23.88"","
2506,太設,"176,738",127,"1,936,185",10.90,11.05,10.85,11.00,+,0.10,10.90,3,11.00,12,"0.00"","
2509,全坤建,"62,099",30,"1,317,448",21.40,21.50,21.15,21.35,-,0.05,21.20,1,21.35,9,"0.00"","
2511,太子,"2,666,330",998,"31,292,030",11.80,11.80,11.60,11.75,+,0.05,11.75,73,11.80,513,"10.49"","
2514,龍邦,"1,683,048",679,"23,505,773",13.75,14.30,13.75,14.05,+,0.60,14.05,27,14.10,15,"6.11"","
2515,中工,"41,849,533","8,201","340,502,534",8.51,8.56,7.86,7.95,-,0.36,7.94,26,7.95,8,"39.75"","
2516,新建,"701,400",168,"4,655,925",6.80,6.80,6.57,6.70,-,0.04,6.70,2,6.71,3,"0.00"","
2520,冠德,"1,084,131",412,"20,617,139",19.20,19.25,18.85,18.95,-,0.20,18.95,68,19.00,7,"23.11"","
2524,京城,"8,504",11,"191,089",22.65,22.65,22.45,22.50, ,0.00,22.35,1,22.50,6,"11.03"","
2527,宏璟,"1,287,240",369,"26,531,240",20.30,20.85,20.30,20.80,+,0.60,20.70,1,20.80,48,"0.00"","
2528,皇普,"26,000",19,"532,000",20.60,20.60,20.35,20.35,-,0.25,20.30,7,20.35,2,"407.00"","
2530,華建,"74,701",29,"1,037,721",13.85,13.95,13.80,13.85, ,0.00,13.80,8,13.85,5,"0.00"","
2534,宏盛,"1,964,051",698,"47,513,634",24.15,24.40,24.00,24.40,+,0.30,24.35,18,24.40,59,"6.15"","
2535,達欣工,"309,484",122,"5,404,467",17.50,17.50,17.40,17.45, ,0.00,17.45,76,17.55,37,"6.54"","
2536,宏普,"870,689",570,"18,249,887",20.90,21.30,20.75,21.20,+,0.35,21.15,15,21.20,7,"0.00"","
2537,聯上發,"305,503",93,"2,518,309",8.28,8.28,8.21,8.22,-,0.06,8.21,21,8.22,3,"0.00"","
2538,基泰,"968,500",219,"9,797,949",10.20,10.20,10.05,10.10,-,0.10,10.10,47,10.15,54,"1,010.00"","
2539,櫻花建,"143,033",59,"4,063,797",28.35,28.75,28.30,28.70,-,0.20,28.70,2,28.75,9,"7.55"","
2540,愛山林,"8,001",8,"167,720",20.35,21.50,20.35,20.60,X,0.00,20.55,2,21.35,1,"44.78"","
2542,興富發,"1,409,647",851,"55,957,296",39.90,39.95,39.55,39.65,-,0.25,39.60,62,39.65,9,"16.12"","
2543,皇昌,"369,001",7,"3,018,128",8.18,8.18,8.08,8.08,-,0.10,8.08,10,8.14,1,"89.78"","
2545,皇翔,"186,444",161,"5,688,053",30.30,30.80,30.30,30.45,-,0.35,30.45,44,30.75,3,"0.00"","
2546,根基,"67,000",23,"1,280,800",19.10,19.20,19.05,19.20,+,0.10,19.10,7,19.20,16,"7.65"","
2547,日勝生,"1,000,396",319,"12,985,362",13.00,13.15,12.90,12.90,-,0.10,12.90,123,13.00,15,"0.00"","
2548,華固,"392,317",324,"27,511,050",70.40,70.50,69.70,70.20,-,0.20,70.00,1,70.20,5,"5.68"","
2597,潤弘,"15,000",11,"577,000",38.30,38.60,38.25,38.45,+,0.20,38.40,1,38.50,3,"9.96"","
2601,益航,"8,210,985","1,260","66,945,917",8.02,8.22,8.01,8.09,+,0.10,8.09,71,8.14,15,"50.56"","
2603,長榮,"26,687,805","5,497","453,984,738",16.95,17.20,16.85,16.90,+,0.05,16.90,191,16.95,572,"10.30"","
2605,新興,"1,173,525",688,"25,835,150",22.20,22.20,21.75,22.05,+,0.05,22.00,25,22.05,4,"26.57"","
2606,裕民,"4,504,419","1,856","165,031,280",36.40,37.30,35.50,36.80,+,0.90,36.80,5,36.85,2,"36.80"","
2607,榮運,"716,356",282,"9,971,365",13.95,14.05,13.85,13.90,-,0.05,13.90,5,13.95,44,"19.04"","
2608,嘉里大榮,"122,110",108,"4,654,036",38.20,38.30,38.00,38.15,-,0.20,38.15,1,38.25,8,"15.32"","
2609,陽明,"14,298,902","1,749","172,042,624",12.05,12.15,11.95,12.00, ,0.00,11.95,"1,163",12.00,296,"0.00"","
2610,華航,"33,121,554","5,896","390,973,375",11.60,12.10,11.50,12.00,+,0.45,11.95,477,12.00,780,"0.00"","
2611,志信,"111,000",64,"772,490",6.98,7.03,6.93,6.94,-,0.04,6.94,23,6.95,5,"0.00"","
2612,中航,"727,020",397,"21,407,579",29.50,29.70,29.10,29.60,+,0.30,29.60,19,29.65,2,"0.00"","
2613,中櫃,"65,741",40,"847,983",12.90,12.95,12.85,12.95,+,0.05,12.90,1,12.95,15,"29.43"","
2614,東森,"5,881,400","1,709","54,888,458",9.55,9.57,9.19,9.19,-,0.39,9.19,25,9.20,87,"0.00"","
2615,萬海,"6,046,852","2,300","116,760,928",19.05,19.50,19.00,19.40,+,0.45,19.35,10,19.40,323,"15.65"","
2616,山隆,"181,328",140,"5,781,361",31.85,31.95,31.80,31.90,+,0.10,31.90,8,31.95,23,"7.03"","
2617,台航,"4,139,793","1,263","68,713,142",16.30,16.80,16.30,16.55,+,0.40,16.55,28,16.60,93,"51.72"","
2618,長榮航,"12,798,499","3,355","194,500,706",15.20,15.40,14.90,15.35,+,0.25,15.30,148,15.35,439,"15.35"","
2633,台灣高鐵,"2,859,118","1,322","67,692,788",24.05,24.10,23.50,23.65,-,0.35,23.60,20,23.65,115,"25.99"","
2634,漢翔,"2,327,837","1,594","82,684,004",35.90,35.90,35.20,35.60,-,0.10,35.55,9,35.60,3,"19.35"","
2636,台驊投控,"912,320",524,"21,018,460",23.15,23.25,22.90,23.00, ,0.00,23.00,36,23.05,39,"12.85"","
2637,慧洋-KY,"1,137,275",498,"32,916,825",29.00,29.15,28.75,29.00,+,0.10,28.95,28,29.00,321,"27.36"","
2642,宅配通,"188,200",84,"5,706,150",30.30,30.50,30.25,30.40,+,0.15,30.40,37,30.50,6,"23.38"","
2701,萬企,"78,730",36,"1,040,719",13.25,13.30,13.20,13.25, ,0.00,13.20,16,13.25,8,"16.36"","
2702,華園,"6,048",6,"84,164",13.95,13.95,13.85,13.90,-,0.05,13.85,2,13.95,2,"47.93"","
2704,國賓,"578,310",360,"13,054,836",22.50,22.75,22.40,22.75,+,0.45,22.70,1,22.75,13,"18.35"","
2705,六福,"680,057",109,"5,400,126",7.96,7.97,7.91,7.97,+,0.04,7.95,8,7.97,8,"0.00"","
2706,第一店,"208,141",106,"3,225,187",15.60,15.60,15.40,15.55, ,0.00,15.50,37,15.55,24,"15.87"","
2707,晶華,"178,719",130,"27,202,644",152.00,152.50,151.50,152.50,+,0.50,152.00,17,152.50,44,"18.46"","
2712,遠雄來,0,0,0,--,--,--,--, ,0.00,24.45,2,25.40,15,"158.75"","
2722,夏都,"4,028",4,"139,217",34.30,34.65,34.30,34.65,-,1.40,34.50,3,35.40,1,"38.50"","
2723,美食-KY,"292,430",275,"113,132,410",377.50,392.00,377.00,389.50,+,12.00,388.50,8,389.50,1,"30.77"","
2727,王品,"386,607",324,"50,509,032",132.00,133.50,128.50,132.50,+,1.50,132.00,14,133.00,6,"23.16"","
2731,雄獅,"140,458",123,"13,548,216",96.80,97.50,95.20,96.20,-,0.60,96.10,15,96.20,1,"16.76"","
2739,寒舍,"200,476",116,"8,092,690",40.30,40.65,40.05,40.25,+,0.05,40.25,5,40.30,1,"29.81"","
2748,雲品,"33,501",28,"2,249,167",66.80,68.50,66.30,68.50,+,1.80,66.70,5,68.50,11,"22.61"","
2801,彰銀,"6,500,636","1,829","106,057,560",16.30,16.40,16.20,16.35,+,0.10,16.30,348,16.35,120,"12.67"","
2809,京城銀,"4,858,321","2,275","173,707,800",34.65,37.65,34.60,36.85,+,2.35,36.80,1,36.85,14,"7.69"","
2812,台中銀,"7,839,070","1,595","76,676,064",9.75,9.82,9.73,9.79,+,0.06,9.79,22,9.80,35,"8.90"","
2816,旺旺保,"3,040,607","1,247","62,365,912",19.65,21.35,19.60,20.95,+,1.40,20.75,2,20.95,33,"7.91"","
2820,華票,"412,984",207,"6,269,694",15.20,15.25,15.15,15.20,-,0.05,15.15,306,15.20,30,"15.35"","
2823,中壽,"18,647,702","5,469","545,115,136",28.80,29.55,28.75,29.45,+,1.20,29.40,63,29.45,234,"13.96"","
2832,台產,"463,202",362,"9,460,960",20.45,20.50,20.30,20.40,-,0.15,20.35,1,20.45,20,"8.99"","
2834,臺企銀,"10,155,363","1,855","84,176,199",8.29,8.33,8.26,8.31,+,0.04,8.30,140,8.31,232,"8.66"","
2836,高雄銀,"730,040",299,"6,622,127",9.03,9.10,9.02,9.06,+,0.06,9.06,2,9.10,77,"13.32"","
2838,聯邦銀,"876,457",291,"8,093,244",9.23,9.26,9.20,9.25,+,0.01,9.25,6,9.26,16,"9.16"","
2838A,聯邦銀甲特,"4,699,705","2,828","237,752,721",50.80,50.80,50.40,50.60,X,0.00,50.60,52,50.70,354,"0.00"","
2841,台開,"1,168,741",346,"11,682,250",10.00,10.05,9.98,9.99,-,0.01,9.99,15,10.00,429,"24.37"","
2845,遠東銀,"2,804,532",924,"26,878,146",9.58,9.63,9.52,9.61,+,0.03,9.60,23,9.61,18,"9.42"","
2849,安泰銀,"34,447",19,"461,189",13.30,13.40,13.30,13.40,+,0.05,13.35,20,13.40,1,"11.36"","
2850,新產,"337,660",237,"9,763,840",28.80,29.10,28.65,28.90,+,0.10,28.90,14,28.95,1,"8.07"","
2851,中再保,"615,120",259,"10,707,926",17.35,17.50,17.30,17.45,+,0.10,17.40,45,17.45,2,"7.01"","
2852,第一保,"653,300",322,"9,446,894",14.45,14.55,14.35,14.55,+,0.10,14.50,7,14.55,40,"8.04"","
2855,統一證,"12,534,806","2,155","189,819,642",14.95,15.45,14.90,14.95,+,0.20,14.95,309,15.00,79,"13.35"","
2856,元富證,"12,952,900","2,446","115,983,024",8.79,9.11,8.75,8.90,+,0.16,8.88,76,8.90,7,"46.84"","
2867,三商壽,"4,889,766","1,253","80,686,430",16.45,16.65,16.30,16.55,+,0.10,16.50,394,16.55,3,"10.28"","
2880,華南金,"9,741,030","2,369","161,708,001",16.50,16.70,16.50,16.60,+,0.15,16.55,656,16.60,70,"13.72"","
2881,富邦金,"42,775,355","14,215","2,157,388,300",49.25,51.30,49.25,50.90,+,1.85,50.80,7,50.90,281,"10.54"","
2881A,富邦特,"1,586,316",38,"101,312,608",63.30,63.40,63.20,63.30,-,0.10,63.20,4,63.30,42,"0.00"","
2882,國泰金,"62,658,943","21,231","3,360,701,522",52.00,54.80,51.90,54.30,+,2.60,54.20,95,54.30,91,"12.81"","
2882A,國泰特,"375,900",68,"23,403,087",62.30,62.40,62.10,62.40, ,0.00,62.20,2,62.40,22,"0.00"","
2883,開發金,"46,341,447","8,874","439,676,314",9.40,9.55,9.40,9.50,+,0.10,9.50,9,9.51,73,"13.19"","
2884,玉山金,"27,604,380","6,258","517,794,585",18.60,18.85,18.60,18.70,+,0.15,18.70,287,18.75,52,"13.65"","
2885,元大金,"48,045,610","6,862","673,219,025",13.95,14.10,13.90,13.95,+,0.05,13.95,"1,212",14.00,"1,254","10.57"","
2886,兆豐金,"13,508,157","3,589","318,777,234",23.65,23.70,23.50,23.70,+,0.05,23.65,22,23.70,257,"11.97"","
2887,台新金,"31,565,279","4,436","427,052,649",13.55,13.60,13.45,13.55,+,0.05,13.55,155,13.60,"3,526","12.21"","
2887E,台新戊特,"51,434",24,"2,706,152",52.80,52.80,52.60,52.60, ,0.00,52.60,189,52.70,22,"0.00"","
2888,新光金,"65,253,485","7,132","673,826,860",10.30,10.40,10.20,10.30,+,0.05,10.30,938,10.35,"2,057","7.57"","
2889,國票金,"1,364,521",481,"12,592,926",9.21,9.26,9.21,9.24,-,0.02,9.23,39,9.24,26,"12.83"","
2890,永豐金,"18,787,133","3,236","175,398,092",9.33,9.37,9.30,9.34,+,0.01,9.34,38,9.35,620,"12.62"","
2891,中信金,"52,029,700","10,042","1,051,786,109",20.10,20.40,20.00,20.35,+,0.35,20.30,455,20.35,301,"11.12"","
2892,第一金,"15,385,657","4,444","297,863,150",19.25,19.45,19.25,19.40,+,0.15,19.35,283,19.40,944,"12.60"","
2897,王道銀行,"3,940,200","1,303","35,472,080",9.00,9.09,8.96,8.96,-,0.01,8.96,69,8.99,20,"17.23"","
2901,欣欣,"31,000",22,"827,600",26.80,27.70,26.40,27.70,+,0.95,26.65,1,27.65,1,"65.95"","
2903,遠百,"927,985",461,"13,781,511",14.85,14.90,14.80,14.85,+,0.05,14.85,7,14.90,388,"16.50"","
2904,匯僑,"24,397",25,"477,919",19.55,19.65,19.50,19.60,+,0.05,19.60,1,19.65,1,"14.96"","
2905,三商,"873,603",524,"23,256,678",26.60,26.75,26.45,26.45, ,0.00,26.45,16,26.50,3,"9.28"","
2906,高林,"165,643",45,"1,843,286",11.25,11.25,11.05,11.15,-,0.05,11.15,16,11.20,6,"20.65"","
2908,特力,"448,291",223,"10,040,638",22.35,22.45,22.30,22.45,+,0.10,22.40,3,22.45,26,"16.27"","
2910,統領,"5,000",5,"141,900",28.30,28.50,28.30,28.50,X,0.00,28.35,1,28.80,1,"86.36"","
2911,麗嬰房,"302,725",203,"3,591,088",11.90,11.95,11.80,11.80,-,0.10,11.80,7,11.90,22,"0.00"","
2912,統一超,"1,095,338",675,"313,261,778",285.50,287.00,284.00,285.50,+,1.50,285.50,20,286.00,3,"27.99"","
2913,農林,"6,588,211","1,223","103,028,381",15.40,16.00,15.35,15.40,-,0.05,15.40,88,15.45,12,"20.81"","
2915,潤泰全,"4,023,351","1,875","198,756,395",50.00,50.20,49.05,49.10,-,0.75,49.10,19,49.15,31,"6.42"","
2923,鼎固-KY,"43,000",31,"795,600",18.55,18.60,18.40,18.40,-,0.15,18.35,4,18.40,5,"33.45"","
2929,淘帝-KY,"3,268,560","2,346","382,235,960",114.00,118.50,114.00,116.00,+,3.00,116.00,6,116.50,18,"9.74"","
2936,客思達-KY,"41,000",26,"1,269,850",31.10,31.15,30.90,30.90, ,0.00,30.90,12,31.05,2,"9.94"","
3002,歐格,"86,000",46,"1,131,000",13.20,13.25,13.10,13.25,+,0.05,13.20,1,13.30,19,"16.99"","
3003,健和興,"3,338,348","2,460","216,686,096",67.10,67.90,63.10,63.10,-,4.00,63.10,22,63.20,2,"18.95"","
3004,豐達科,"451,000",166,"22,129,600",49.10,49.45,48.65,48.80, ,0.00,48.75,2,48.80,3,"13.22"","
3005,神基,"2,087,428","1,375","83,838,182",40.60,40.80,39.70,40.05,-,0.45,40.05,46,40.10,4,"9.63"","
3006,晶豪科,"4,427,092","2,186","193,809,457",44.40,44.75,43.10,43.70,-,0.35,43.70,10,43.75,6,"13.92"","
3008,大立光,"1,656,815","2,015","8,269,756,410","5,140.00","5,185.00","4,740.00","5,010.00",-,130.00,"5,005.00",4,"5,015.00",1,"26.02"","
3010,華立,"660,021",480,"37,752,496",57.40,57.70,56.60,57.20, ,0.00,57.10,10,57.20,161,"10.81"","
3011,今皓,"245,050",70,"1,826,670",7.52,7.52,7.40,7.44,-,0.08,7.43,15,7.44,1,"0.00"","
3013,晟銘電,"845,349",398,"16,757,005",20.10,20.20,19.50,19.60,-,0.50,19.60,20,19.65,5,"12.17"","
3014,聯陽,"1,129,514",651,"40,332,646",36.40,36.70,34.50,35.40,-,0.80,35.30,11,35.40,24,"15.06"","
3015,全漢,"570,304",296,"14,309,950",25.10,25.25,24.95,25.00,-,0.05,25.00,10,25.10,10,"12.82"","
3016,嘉晶,"8,196,407","4,266","302,498,788",37.65,38.40,35.30,36.10,-,1.00,36.10,58,36.15,7,"75.21"","
3017,奇鋐,"35,925,265","14,894","1,233,498,074",35.55,36.60,32.40,32.80,-,3.20,32.80,3,32.85,5,"12.47"","
3018,同開,"1,819,550",937,"133,793,157",73.00,74.50,72.80,73.60,+,2.00,73.50,101,73.60,7,"188.72"","
3019,亞光,"17,503,938","10,668","1,934,728,056",113.50,115.00,105.00,111.50,-,1.00,111.50,130,112.00,40,"54.39"","
3021,鴻名,"206,274",92,"3,044,727",14.95,15.05,14.60,14.80,-,0.10,14.65,34,14.80,5,"12.76"","
3022,威強電,"494,122",297,"21,008,301",42.90,42.90,42.30,42.30,-,0.40,42.30,38,42.45,1,"11.10"","
3023,信邦,"1,620,837","1,150","138,342,021",86.00,86.90,83.50,86.30,+,0.50,86.30,2,86.50,21,"15.95"","
3024,憶聲,"572,165",146,"3,478,030",6.12,6.18,6.00,6.02,-,0.08,6.02,22,6.06,15,"2.05"","
3025,星通,"350,500",133,"6,679,050",19.25,19.40,18.85,19.20,-,0.05,19.15,1,19.20,1,"640.00"","
3026,禾伸堂,"15,325,320","9,675","1,369,376,299",92.40,93.00,85.00,86.10,-,5.40,86.10,74,86.60,10,"22.48"","
3027,盛達,"438,762",170,"4,886,505",11.25,11.30,11.05,11.15,-,0.10,11.10,25,11.15,6,"0.00"","
3028,增你強,"780,010",406,"15,982,102",20.50,20.80,20.20,20.40,-,0.10,20.35,20,20.40,2,"11.40"","
3029,零壹,"699,650",326,"13,557,011",19.60,19.70,19.15,19.30,-,0.20,19.30,25,19.35,3,"11.03"","
3030,德律,"270,760",208,"10,779,460",39.65,40.10,39.55,40.05,+,0.50,39.95,1,40.05,29,"17.12"","
3031,佰鴻,"2,417,256","1,161","42,028,253",17.50,17.75,17.10,17.15,-,0.30,17.15,38,17.20,4,"16.81"","
3032,偉訓,"78,001",52,"3,081,789",39.80,39.80,39.25,39.75,-,0.05,39.75,2,39.80,8,"12.27"","
3033,威健,"1,877,731",808,"35,479,222",19.15,19.20,18.60,18.85,-,0.30,18.85,81,18.90,11,"11.36"","
3034,聯詠,"3,206,675","2,048","374,560,975",115.00,118.00,114.00,117.50,+,3.00,117.00,29,118.00,201,"14.40"","
3035,智原,"17,148,153","10,362","1,094,905,209",64.90,66.60,61.10,61.30,-,2.60,61.30,50,61.40,22,"18.24"","
3036,文曄,"1,159,379",783,"54,106,427",46.75,47.05,46.50,46.55,-,0.50,46.55,54,46.60,2,"10.98"","
3037,欣興,"9,062,889","3,175","139,094,860",15.65,15.75,15.10,15.20,-,0.40,15.20,98,15.25,9,"69.09"","
3038,全台,"537,131",200,"5,388,340",10.25,10.25,9.92,10.00,-,0.20,9.98,27,10.00,7,"18.87"","
3040,遠見,"856,700",475,"41,387,079",48.20,49.30,47.35,48.00, ,0.00,48.00,15,48.50,2,"4.31"","
3041,揚智,"3,919,241","1,812","66,454,592",17.40,17.40,16.60,16.90,-,0.55,16.90,43,16.95,9,"0.00"","
3042,晶技,"565,561",389,"22,352,368",39.50,39.80,39.20,39.30, ,0.00,39.30,33,39.45,3,"11.87"","
3043,科風,"47,120",22,"119,908",2.50,2.59,2.50,2.50, ,0.00,2.50,12,2.57,3,"0.00"","
3044,健鼎,"1,312,187",860,"125,237,237",96.20,96.60,94.80,95.40,-,1.20,95.40,6,95.50,1,"11.18"","
3045,台灣大,"3,892,513","1,602","421,230,149",108.00,108.50,107.50,108.50,+,1.00,108.00,433,108.50,"2,414","19.44"","
3047,訊舟,"1,067,575",369,"10,837,377",10.15,10.35,10.00,10.05, ,0.00,10.05,26,10.10,5,"0.00"","
3048,益登,"3,513,092","1,236","64,120,956",18.55,18.80,17.80,18.00,-,0.15,17.95,261,18.00,7,"13.95"","
3049,和鑫,"6,967,070","1,684","71,771,656",10.65,10.75,10.05,10.30,-,0.35,10.25,262,10.30,12,"28.61"","
3050,鈺德,"599,040",243,"7,136,322",12.10,12.15,11.80,11.85,-,0.15,11.85,16,11.90,3,"11.97"","
3051,力特,"2,373,302",788,"13,493,112",5.69,5.85,5.50,5.69,+,0.08,5.68,12,5.69,33,"113.80"","
3052,夆典,"237,570",54,"1,983,711",8.24,8.40,8.24,8.32,+,0.02,8.32,28,8.33,3,"37.82"","
3054,立萬利,"19,500",13,"348,450",17.85,17.90,17.80,17.90,-,0.05,17.75,3,17.90,3,"33.15"","
3055,蔚華科,"279,416",140,"5,463,860",19.70,19.75,19.25,19.65,-,0.05,19.60,8,19.70,1,"26.92"","
3056,總太,"896,357",395,"16,783,025",18.90,18.90,18.65,18.65,-,0.25,18.65,50,18.70,20,"5.63"","
3057,喬鼎,"519,200",223,"6,207,372",11.95,12.10,11.85,11.90,-,0.05,11.90,2,11.95,2,"0.00"","
3058,立德,"523,300",155,"4,561,455",8.86,8.86,8.68,8.71,-,0.10,8.70,3,8.71,6,"0.00"","
3059,華晶科,"15,756,051","7,065","464,459,552",30.35,30.80,28.60,28.60,-,1.45,28.60,1,28.65,4,"84.12"","
3060,銘異,"479,880",312,"13,715,774",28.80,28.95,28.30,28.30,-,0.40,28.30,18,28.40,3,"28.88"","
3062,建漢,"630,991",336,"11,547,381",18.30,18.45,18.10,18.30, ,0.00,18.30,3,18.35,10,"30.50"","
3090,日電貿,"2,641,262","1,570","93,887,061",35.80,36.50,34.25,34.55,-,0.90,34.55,45,34.60,6,"11.22"","
3094,聯傑,"1,091,419",605,"26,739,951",25.40,25.40,23.90,24.20,-,0.80,24.20,5,24.30,8,"30.63"","
3130,一零四,"58,534",54,"9,275,440",156.00,160.00,156.00,158.00,+,2.50,158.00,4,160.00,2,"17.69"","
3149,正達,"902,181",444,"18,044,093",20.55,20.70,19.50,20.00,-,0.45,19.90,34,20.00,6,"0.00"","
3164,景岳,"273,596",150,"6,539,955",24.40,24.40,23.65,23.85,-,0.50,23.85,9,23.90,2,"0.00"","
3167,大量,"1,902,155","1,153","94,132,444",50.80,51.00,48.50,48.90,-,1.40,48.85,15,48.90,2,"13.07"","
3189,景碩,"3,009,469","1,948","217,655,440",72.80,73.40,71.00,72.80,+,1.10,72.70,2,72.80,22,"33.70"","
3209,全科,"163,464",118,"3,478,177",21.40,21.45,21.10,21.30,-,0.10,21.30,3,21.35,20,"14.79"","
3229,晟鈦,"1,254,140",557,"25,013,579",20.60,21.35,19.30,19.65,-,0.75,19.55,16,19.65,2,"0.00"","
3231,緯創,"29,113,488","11,255","662,907,722",23.20,23.25,22.55,22.60,-,0.50,22.60,"2,134",22.65,60,"16.14"","
3257,虹冠電,"331,249",225,"16,618,469",50.60,51.60,49.90,49.90,-,0.70,49.90,11,50.00,24,"41.24"","
3266,昇陽,"238,000",30,"2,760,950",11.60,11.65,11.60,11.65, ,0.00,11.60,119,11.65,29,"61.32"","
3296,勝德,"84,000",46,"1,426,600",16.90,17.30,16.90,16.90, ,0.00,16.90,10,17.10,5,"20.86"","
3305,昇貿,"215,060",82,"5,657,524",26.55,26.55,26.05,26.30,-,0.50,26.30,4,26.35,7,"29.55"","
3308,聯德,"97,000",44,"820,220",8.59,8.59,8.32,8.33,-,0.07,8.33,2,8.39,2,"0.00"","
3311,閎暉,"537,021",280,"9,971,239",19.00,19.00,18.35,18.55,-,0.30,18.50,19,18.55,18,"0.00"","
3312,弘憶股,"175,192",53,"1,153,701",6.63,6.65,6.50,6.60,+,0.07,6.60,1,6.63,7,"0.00"","
3321,同泰,"119,000",63,"1,575,150",13.65,13.65,13.00,13.40,-,0.25,13.10,11,13.35,1,"0.00"","
3338,泰碩,"188,001",147,"5,477,679",29.50,29.55,28.75,29.25, ,0.00,29.20,4,29.35,5,"16.62"","
3346,麗清,"656,350",524,"46,059,429",72.00,72.70,68.30,70.20,-,1.80,70.10,11,70.30,6,"19.18"","
3356,奇偶,"141,253",108,"5,031,388",35.60,36.10,35.50,35.55,-,0.35,35.50,9,35.70,1,"0.00"","
3376,新日興,"398,345",303,"31,521,683",79.70,80.00,78.80,78.80,-,0.50,78.80,14,78.90,2,"12.94"","
3380,明泰,"34,393,326","12,634","884,845,799",25.15,26.45,24.95,25.45,+,0.55,25.45,119,25.50,74,"18.44"","
3383,新世紀,"1,888,703",240,"7,298,992",3.75,3.95,3.72,3.94,+,0.19,3.86,5,3.94,36,"0.00"","
3406,玉晶光,"16,392,385","12,777","5,780,962,282",345.00,374.00,326.00,359.00,+,17.00,359.00,42,359.50,3,"45.56"","
3413,京鼎,"2,864,833","2,252","610,661,338",222.00,222.00,208.50,209.00,-,10.00,209.00,66,210.00,2,"15.69"","
3416,融程電,"52,178",41,"2,642,460",50.70,51.00,50.50,50.50,-,0.30,50.50,4,50.80,2,"22.85"","
3419,譁裕,"4,770,191","2,022","95,548,507",19.65,20.70,19.55,19.95,+,0.80,19.90,24,20.00,2,"22.67"","
3432,台端,"54,052",28,"629,203",11.60,11.70,11.55,11.65,-,0.05,11.60,13,11.70,1,"0.00"","
3437,榮創,"13,514,971","6,277","597,546,160",46.70,47.20,42.40,42.40,-,3.90,42.40,6,42.50,2,"54.36"","
3443,創意,"2,730,404","2,281","746,277,470",280.00,280.00,267.50,267.50,-,14.50,267.50,6,268.00,2,"56.20"","
3450,聯鈞,"18,695,655","10,885","2,569,837,359",132.00,141.50,132.00,137.50,+,7.00,137.50,64,138.00,15,"21.72"","
3454,晶睿,"128,997",129,"12,098,518",93.60,94.50,92.10,93.80,+,0.40,93.70,5,93.80,2,"16.99"","
3481,群創,"52,778,439","7,742","685,245,195",13.10,13.15,12.90,12.95,-,0.15,12.90,"8,810",12.95,97,"2.96"","
3494,誠研,"734,002",236,"8,676,922",11.85,12.00,11.75,11.75,-,0.05,11.75,65,11.80,6,"0.00"","
3501,維熹,"713,545",493,"42,136,826",59.00,59.90,58.00,59.20,+,0.50,59.20,15,59.30,1,"10.86"","
3504,揚明光,"1,638,500","1,144","89,020,700",56.10,56.20,53.00,53.50,-,1.70,53.50,109,53.80,1,"0.00"","
3514,昱晶,"4,881,145","1,811","86,602,300",18.25,18.25,17.45,17.65,-,0.50,17.65,29,17.70,28,"0.00"","
3515,華擎,"2,166,100","1,752","172,841,540",84.10,85.00,75.00,77.00,-,5.20,76.80,4,77.00,3,"25.84"","
3518,柏騰,"829,363",470,"36,165,354",43.90,43.95,43.15,43.55,-,0.15,43.50,8,43.55,35,"0.00"","
3519,綠能,"10,906,524","3,885","207,291,421",19.90,20.10,18.30,18.95,-,0.80,18.95,162,19.00,55,"0.00"","
3528,安馳,"134,219",93,"4,424,318",33.10,33.20,32.90,32.90,-,0.20,32.85,3,32.95,12,"13.11"","
3532,台勝科,"3,570,014","2,241","358,921,000",103.50,104.00,98.60,101.00,-,1.50,100.50,19,101.00,11,"44.69"","
3533,嘉澤,"1,098,291",935,"182,859,515",170.00,171.00,163.00,165.00,-,4.50,165.00,17,166.00,5,"14.14"","
3535,晶彩科,"982,023",399,"11,669,668",12.20,12.25,11.65,11.75,-,0.35,11.75,36,11.85,8,"0.00"","
3536,誠創,"2,082,220",429,"49,330,506",23.70,23.85,23.60,23.60,+,0.05,23.60,7,23.65,1,"38.06"","
3545,敦泰,"5,014,464","2,043","150,564,644",30.50,30.60,29.45,29.70,-,0.30,29.70,130,29.75,1,"27.50"","
3550,聯穎,"2,006,155",782,"35,667,186",17.40,18.25,17.25,17.90,+,0.65,17.80,32,17.90,8,"11.93"","
3557,嘉威,"68,888",48,"757,923",11.10,11.15,10.90,11.00,-,0.05,11.00,3,11.05,5,"0.00"","
3561,昇陽光電,"2,162,404",976,"31,401,029",14.85,14.85,14.35,14.45,-,0.35,14.45,17,14.50,11,"0.00"","
3576,聯合再生,"5,900,907","1,809","83,384,448",14.40,14.40,13.95,14.00,-,0.40,14.00,398,14.05,35,"0.00"","
3579,尚志,"625,597",265,"10,515,750",17.55,17.60,16.20,16.60,-,0.70,16.60,10,16.65,6,"0.00"","
3583,辛耘,"1,493,000","1,107","122,501,197",84.30,84.80,79.20,81.30,-,1.80,81.30,4,81.40,1,"26.31"","
3588,通嘉,"426,190",263,"11,385,349",27.50,27.70,26.50,26.60,-,0.75,26.60,3,26.65,4,"26.08"","
3591,艾笛森,"536,401",203,"8,439,283",16.10,16.10,15.50,15.50,-,0.35,15.50,190,15.55,2,"0.00"","
3593,力銘,"712,002",294,"8,505,622",12.15,12.20,11.80,11.85,-,0.30,11.85,18,12.00,24,"0.00"","
3596,智易,"2,028,519","1,292","101,098,800",51.00,51.30,48.90,49.90,-,0.90,49.90,3,50.00,7,"13.24"","
3605,宏致,"322,001",185,"8,233,125",25.85,25.90,25.00,25.50,-,0.35,25.50,4,25.60,5,"17.35"","
3607,谷崧,"807,202",509,"27,072,166",34.30,34.60,32.75,33.20,-,1.10,33.20,4,33.30,3,"0.00"","
3617,碩天,"117,000",109,"12,196,000",106.00,106.00,103.00,104.50,-,1.50,104.50,2,105.00,1,"11.93"","
3622,洋華,"3,740,525","1,633","66,692,582",18.80,18.90,17.15,17.40,-,1.30,17.40,59,17.50,1,"0.00"","
3645,達邁,"5,613,282","2,843","360,379,405",63.50,65.50,62.10,62.10,+,0.10,62.10,9,62.40,2,"25.88"","
3653,健策,"398,264",301,"27,709,151",70.90,71.00,68.10,69.10,-,1.00,69.10,12,69.30,3,"24.59"","
3661,世芯-KY,"2,991,000","2,325","243,874,700",85.00,85.60,78.00,80.50,-,3.70,80.50,17,80.60,1,"17.69"","
3665,貿聯-KY,"2,035,741","1,692","525,521,160",268.00,268.00,254.00,256.50,-,13.00,256.00,38,257.00,2,"27.40"","
3669,圓展,"26,000",12,"510,950",19.80,19.80,19.60,19.75,-,0.05,19.55,2,19.75,6,"21.94"","
3673,TPK-KY,"6,397,577","4,477","572,650,330",89.50,91.30,87.00,89.90,+,1.40,89.80,73,89.90,9,"17.19"","
3679,新至陞,"71,000",62,"4,997,400",70.30,70.60,70.20,70.40,+,0.10,70.30,4,70.40,1,"10.57"","
3682,亞太電,"8,393,510","2,107","82,151,877",9.90,9.90,9.74,9.75,-,0.30,9.74,120,9.75,151,"0.00"","
3686,達能,"1,534,676",499,"10,800,532",7.18,7.18,7.00,7.00,-,0.12,7.00,174,7.04,1,"0.00"","
3694,海華,"306,000",151,"5,097,400",16.90,16.90,16.35,16.65,+,0.20,16.65,8,16.70,8,"47.57"","
3698,隆達,"72,045,889","22,046","2,081,117,091",28.45,29.50,27.55,28.75,+,0.30,28.70,408,28.75,46,"0.00"","
3701,大眾控,"2,987",16,"19,100",6.37,6.37,6.37,6.37,-,0.02,6.38,3,6.49,11,"14.16"","
3702,大聯大,"3,776,949","2,118","154,547,107",41.05,41.30,40.50,40.85,+,0.15,40.85,80,40.90,2,"12.42"","
3703,欣陸,"5,104,462","1,436","80,000,256",16.05,16.20,15.20,15.45,-,0.45,15.45,84,15.50,24,"6.33"","
3704,合勤控,"447,508",228,"6,329,636",14.30,14.40,14.00,14.05,-,0.20,14.05,47,14.15,1,"0.00"","
3705,永信,"88,700",72,"3,547,450",40.00,40.30,39.90,40.00, ,0.00,40.00,4,40.15,4,"21.05"","
3706,神達,"5,814,044","2,638","204,381,990",35.80,35.80,34.45,35.05,-,0.95,35.05,9,35.10,12,"9.18"","
3708,上緯投控,"1,728,967","1,276","150,035,568",88.00,89.30,84.10,85.70,-,2.90,85.60,1,85.70,1,"37.26"","
4104,佳醫,"307,100",178,"13,785,000",45.00,45.10,44.80,44.85,-,0.10,44.85,1,44.95,3,"14.42"","
4106,雃博,"145,252",104,"4,234,543",29.40,29.40,28.85,29.20,-,0.20,29.20,9,29.30,1,"21.31"","
4108,懷特,"370,435",235,"8,985,333",24.60,24.60,24.10,24.10,-,0.40,24.10,26,24.20,1,"0.00"","
4119,旭富,"105,691",89,"6,313,420",60.10,60.20,59.50,59.80,-,0.30,59.70,6,60.00,5,"28.61"","
4133,亞諾法,"118,124",96,"4,396,174",37.40,37.65,37.00,37.20,-,0.40,37.15,5,37.45,3,"35.77"","
4137,麗豐-KY,"2,014,134","1,576","279,339,492",145.00,145.00,134.00,137.00,-,6.00,137.00,10,137.50,1,"20.51"","
4141,龍燈-KY,"85,177",50,"2,446,133",28.80,29.00,28.60,28.75,+,0.15,28.60,10,28.75,2,"0.00"","
4142,國光生,"597,205",377,"11,903,550",20.10,20.15,19.80,19.85,-,0.15,19.85,28,19.95,11,"0.00"","
4144,康聯-KY,"170,003",112,"5,901,803",35.20,35.20,34.45,34.60,-,0.25,34.55,1,34.85,4,"10.27"","
4148,全宇生技-KY,"739,050",579,"70,719,600",102.00,102.00,91.60,95.60,-,5.90,95.60,45,96.10,1,"19.79"","
4164,承業醫,"96,120",84,"3,512,246",36.65,36.70,36.35,36.65,+,0.05,36.60,2,36.65,2,"21.43"","
4190,佐登-KY,"75,000",56,"4,373,600",58.40,58.90,58.00,58.00,-,0.40,57.90,2,58.20,1,"15.59"","
4306,炎洲,"788,807",285,"11,290,680",14.40,14.45,14.15,14.25,-,0.20,14.25,14,14.30,17,"49.14"","
4414,如興,"4,243,405","1,531","78,566,817",18.60,18.80,18.35,18.35,-,0.25,18.30,373,18.35,70,"0.00"","
4426,利勤,"193,157",172,"9,497,265",49.45,49.65,49.00,49.00,-,0.30,48.95,53,49.00,9,"21.30"","
4438,廣越,"185,000",134,"26,056,000",143.50,143.50,139.00,139.00,-,2.00,139.00,14,140.00,4,"25.41"","
4526,東台,"222,787",132,"4,576,281",20.60,20.60,20.50,20.50,-,0.10,20.50,17,20.60,12,"0.00"","
4532,瑞智,"784,985",481,"23,186,653",29.70,29.90,29.40,29.45,-,0.25,29.45,42,29.50,1,"14.58"","
4536,拓凱,"41,150",41,"3,693,950",89.80,90.80,89.50,90.50,-,0.60,89.60,3,90.50,1,"12.93"","
4545,銘鈺,"138,300",85,"6,121,028",44.80,44.80,43.80,44.00,-,0.85,44.00,1,44.65,1,"64.71"","
4551,智伸科,"211,010",198,"35,939,725",171.00,174.00,165.00,172.50,+,1.50,172.50,1,173.00,1,"23.70"","
4552,力達-KY,"510,000",284,"52,110,000",102.50,103.00,101.50,102.50,+,0.50,102.00,21,102.50,36,"10.52"","
4555,氣立,"71,002",65,"4,786,834",68.90,68.90,67.00,67.00,-,1.50,67.20,1,67.70,1,"32.84"","
4557,永新-KY,"45,002",40,"3,177,052",70.70,70.90,70.50,70.90,-,0.10,70.80,1,70.90,1,"10.92"","
4560,強信-KY,"215,000",127,"9,234,950",43.20,43.30,42.60,43.10, ,0.00,42.80,8,43.10,4,"16.77"","
4562,穎漢,"118,000",72,"4,732,450",40.35,40.50,39.90,40.25,-,0.10,40.10,2,40.30,14,"14.69"","
4720,德淵,"46,508",31,"649,310",14.05,14.05,13.85,14.00,+,0.05,13.85,2,14.00,14,"23.73"","
4722,國精化,"6,739,105","3,389","236,562,550",34.55,35.75,34.30,35.55,+,1.85,35.50,34,35.55,2,"11.07"","
4725,信昌化,"2,622,101","1,208","62,081,107",23.55,24.70,22.60,23.70,+,0.20,23.55,72,23.70,13,"0.00"","
4737,華廣,"65,000",56,"3,477,000",53.20,54.00,53.20,53.30,-,0.80,53.30,1,53.80,2,"17.59"","
4739,康普,"3,258,830","2,046","346,563,480",109.50,109.50,104.00,106.00,-,2.00,106.00,303,106.50,12,"28.49"","
4746,台耀,"312,800",225,"21,156,000",67.70,68.50,67.00,67.50, ,0.00,67.50,10,67.70,2,"18.10"","
4755,三福化,"303,060",207,"17,664,118",59.60,59.60,57.00,59.30,-,0.20,59.00,1,59.30,1,"15.09"","
4763,材料-KY,"87,000",73,"14,781,500",170.50,172.00,169.00,169.00,-,3.00,169.00,13,170.00,1,"40.63"","
4807,日成-KY,"26,010",24,"1,290,494",50.00,50.00,49.00,50.00,-,0.20,50.00,1,50.10,1,"16.50"","
4904,遠傳,"2,635,508","1,739","188,963,169",71.80,71.90,71.50,71.60,+,0.10,71.50,168,71.60,56,"21.63"","
4906,正文,"13,243,045","5,411","340,843,456",25.50,26.25,25.05,25.70,+,0.30,25.70,269,25.75,6,"14.94"","
4912,聯德控股-KY,"925,300",721,"141,573,400",161.50,161.50,148.00,152.00,-,10.00,152.00,16,152.50,4,"26.81"","
4915,致伸,"5,077,400","3,288","410,692,419",84.10,84.20,79.00,80.60,-,2.40,80.60,22,80.70,10,"17.75"","
4916,事欣科,"3,139,052","1,057","121,167,392",38.60,38.60,38.60,38.60,+,3.50,38.60,"21,921",--,0,"31.64"","
4919,新唐,"4,098,274","2,705","285,022,960",72.90,72.90,67.10,69.20,-,2.90,69.20,40,69.30,3,"21.29"","
4927,泰鼎-KY,"555,500",249,"10,480,195",19.15,19.15,18.75,18.80,-,0.15,18.80,8,18.85,13,"235.00"","
4930,燦星網,"92,829",67,"1,184,575",12.80,12.85,12.70,12.75,-,0.10,12.75,8,12.85,1,"0.00"","
4934,太極,"5,967,427","1,544","76,338,056",12.95,13.05,12.55,12.60,-,0.40,12.60,57,12.65,17,"0.00"","
4935,茂林-KY,"754,573",358,"33,106,640",44.25,44.35,43.50,44.00,-,0.35,44.00,16,44.05,10,"16.42"","
4938,和碩,"10,327,857","5,663","706,878,480",68.40,69.50,67.60,69.10,+,0.80,69.10,84,69.20,118,"10.73"","
4942,嘉彰,"68,004",54,"1,560,892",23.10,23.10,22.80,22.85,-,0.35,22.85,16,23.10,5,"16.68"","
4943,康控-KY,"5,093,792","4,383","2,911,934,448",550.00,594.00,542.00,594.00,+,54.00,594.00,125,--,0,"103.30"","
4952,凌通,"4,648,060","2,893","262,997,645",59.20,59.20,54.20,55.80,-,2.50,55.80,20,56.00,6,"17.49"","
4956,光鋐,"45,852,439","17,404","1,249,574,664",28.00,28.50,25.60,25.75,-,1.45,25.75,18,25.80,5,"37.87"","
4958,臻鼎-KY,"11,892,332","5,942","846,808,001",73.10,73.20,70.00,70.50,-,2.80,70.50,105,70.60,22,"15.49"","
4960,誠美材,"6,811,500","1,832","82,102,800",12.15,12.20,11.95,12.00,-,0.10,12.00,639,12.05,39,"0.00"","
4968,立積,"979,120",590,"106,498,460",109.00,110.50,107.00,108.00,-,1.00,108.00,6,109.00,3,"44.44"","
4976,佳凌,"3,182,891","1,910","127,836,240",41.50,41.95,39.00,39.85,-,1.40,39.80,56,39.85,4,"0.00"","
4977,眾達-KY,"1,459,904","1,120","166,298,811",113.50,118.50,106.00,117.00,+,4.00,116.50,7,117.00,1,"25.22"","
4984,科納-KY,"589,021",464,"22,234,461",37.55,38.90,36.00,37.80,+,0.40,37.80,12,37.90,5,"30.00"","
4994,傳奇,"14,754",18,"791,136",53.00,54.50,53.00,53.50,-,0.20,53.30,5,53.90,2,"0.00"","
4999,鑫禾,"128,004",101,"6,426,751",50.50,50.70,49.80,49.95,-,0.75,49.95,1,50.00,1,"8.76"","
5007,三星,"231,780",115,"14,355,833",62.50,62.50,61.40,61.40,-,1.00,61.30,8,61.60,2,"16.24"","
5203,訊連,"80,787",77,"4,893,574",61.00,61.00,60.20,60.20,-,0.80,60.20,5,60.40,1,"18.19"","
5215,科嘉-KY,"103,075",67,"2,784,143",27.30,27.30,26.80,27.25,+,0.05,26.90,2,27.25,1,"21.80"","
5225,東科-KY,"26,000",20,"753,100",29.00,29.45,28.70,29.45,-,0.05,29.45,1,29.50,6,"27.27"","
5234,達興材料,"1,031,262",745,"62,426,420",62.50,63.00,58.50,60.00,-,2.00,60.00,20,60.50,5,"12.74"","
5243,乙盛-KY,"2,098,942","1,133","100,556,638",48.70,48.95,46.50,47.45,-,0.75,47.45,3,47.50,2,"19.61"","
5258,虹堡,"149,100",101,"3,777,433",26.15,26.15,25.20,25.20,-,0.90,25.20,1,25.35,1,"35.49"","
5259,清惠,"83,814",31,"792,852",8.90,9.64,8.90,9.55,-,0.07,9.00,14,9.55,1,"0.00"","
5264,鎧勝-KY,"4,691,470","2,600","517,352,700",114.50,115.00,108.00,110.00,-,6.00,110.00,31,110.50,15,"15.32"","
5269,祥碩,"595,351",525,"206,733,595",354.00,357.00,340.50,344.00,-,9.00,343.50,6,345.00,1,"47.98"","
5284,jpp-KY,"200,000",118,"13,269,800",66.70,67.50,65.40,66.20,-,0.80,66.00,3,66.20,1,"12.21"","
5285,界霖,"490,028",281,"39,211,194",81.70,81.70,79.00,79.90,-,1.10,79.90,1,80.00,1,"23.57"","
5288,豐祥-KY,"112,003",85,"10,681,683",96.00,96.40,93.50,94.80,-,0.50,94.70,1,94.90,5,"13.60"","
5305,敦南,"8,483,623","5,008","370,428,535",45.00,45.70,41.85,42.70,-,1.30,42.70,25,42.80,2,"21.68"","
5388,中磊,"1,379,328",903,"110,104,603",80.20,80.40,79.30,80.00,-,0.20,79.90,4,80.00,11,"14.55"","
5434,崇越,"1,806,617","1,333","139,445,666",79.40,79.40,75.30,77.10,-,1.80,77.10,11,77.60,1,"11.54"","
5469,瀚宇博,"4,497,405","1,644","81,684,006",18.55,18.70,17.50,18.10,-,0.45,18.10,28,18.15,10,"9.53"","
5471,松翰,"2,010,250","1,240","75,148,583",38.05,38.20,36.35,37.00,-,0.50,36.95,30,37.00,29,"23.42"","
5484,慧友,"27,142",21,"136,370",5.11,5.11,4.98,5.04,+,0.05,4.99,3,5.05,3,"0.00"","
5515,建國,"424,315",139,"4,843,474",11.65,11.65,11.25,11.40,-,0.25,11.40,6,11.50,20,"38.00"","
5519,隆大,"35,144",25,"358,318",10.20,10.20,10.15,10.20, ,0.00,10.20,15,10.25,4,"9.90"","
5521,工信,"687,184",129,"8,263,035",12.10,12.10,11.95,11.95,-,0.15,11.95,273,12.00,48,"70.29"","
5522,遠雄,"579,215",367,"18,323,405",31.75,31.90,31.30,31.50,-,0.15,31.50,49,31.70,69,"36.63"","
5525,順天,"198,000",41,"2,932,049",14.85,14.85,14.80,14.85,-,0.05,14.80,1,14.85,20,"106.07"","
5531,鄉林,"483,427",142,"4,919,359",10.25,10.25,10.10,10.20,-,0.05,10.20,11,10.25,80,"19.62"","
5533,皇鼎,"113,651",51,"1,759,540",15.50,15.55,15.35,15.55,-,0.10,15.40,11,15.60,10,"21.60"","
5534,長虹,"653,230",427,"48,931,250",75.40,75.70,73.70,75.00,-,0.30,74.90,9,75.30,2,"9.41"","
5538,東明-KY,"55,000",36,"1,932,100",35.20,35.85,34.60,35.20,+,1.00,34.60,2,35.00,1,"9.26"","
5607,遠雄港,"2,501,859",768,"43,650,269",16.40,17.95,16.35,17.95,+,1.60,17.95,304,--,0,"12.38"","
5608,四維航,"247,432",126,"2,174,658",8.80,8.85,8.74,8.80,+,0.09,8.77,1,8.80,24,"0.00"","
5706,鳳凰,"80,750",50,"2,776,872",34.60,34.60,34.30,34.60, ,0.00,34.60,6,34.65,1,"12.27"","
5871,中租-KY,"3,871,331","2,510","334,512,423",87.00,87.40,85.10,86.50,-,0.50,86.40,73,86.50,9,"11.16"","
5880,合庫金,"11,743,232","2,898","192,821,074",16.35,16.50,16.35,16.45,+,0.10,16.40,"1,109",16.45,11,"13.48"","
5906,台南-KY,"49,000",16,"373,420",7.50,7.71,7.50,7.60,-,0.12,7.60,6,7.80,2,"0.00"","
5907,大洋-KY,"99,062",52,"2,048,982",20.80,20.80,20.55,20.70, ,0.00,20.65,6,20.70,2,"17.25"","
6005,群益證,"32,614,544","4,745","387,226,640",11.60,12.20,11.60,11.65,+,0.25,11.65,705,11.70,115,"11.89"","
6024,群益期,"199,151",139,"9,198,040",46.35,46.40,46.05,46.05,-,0.25,46.05,10,46.30,8,"10.71"","
6108,競國,"690,002",409,"19,401,456",28.30,28.60,27.70,28.00,-,0.30,28.00,25,28.05,12,"10.85"","
6112,聚碩,"154,671",67,"4,537,891",29.40,29.45,29.25,29.30,-,0.05,29.30,4,29.40,1,"11.58"","
6115,鎰勝,"41,000",25,"1,788,550",43.70,43.70,43.60,43.65,-,0.05,43.60,6,43.90,2,"13.64"","
6116,彩晶,"52,219,823","8,256","583,857,742",11.40,11.45,10.95,10.95,-,0.25,10.95,394,11.00,44,"4.24"","
6117,迎廣,"19,000",13,"350,300",18.80,18.80,18.25,18.45,-,0.20,18.25,1,18.50,2,"0.00"","
6120,達運,"18,367,234","8,171","638,834,730",34.30,36.40,33.10,33.40,-,0.90,33.35,48,33.40,3,"51.38"","
6128,上福,"104,130",55,"4,121,741",40.10,40.10,39.20,39.55,-,0.55,39.50,4,39.70,2,"14.98"","
6131,悠克,"1,448,001",216,"28,776,219",20.00,20.30,19.75,20.00, ,0.00,20.00,10,20.05,1,"14.81"","
6133,金橋,"62,000",26,"640,000",10.30,10.40,10.30,10.30,+,0.05,10.25,23,10.40,7,"49.05"","
6136,富爾特,"103,670",60,"2,472,407",23.90,23.90,23.80,23.85, ,0.00,23.85,10,23.90,9,"16.80"","
6139,亞翔,"1,273,249",634,"42,701,365",33.90,33.95,33.05,33.40,-,0.50,33.40,29,33.45,8,"12.70"","
6141,柏承,"777,400",270,"12,856,640",16.80,16.85,16.20,16.45,-,0.25,16.45,3,16.50,11,"12.65"","
6142,友勁,"1,191,723",391,"9,536,609",7.95,8.19,7.76,8.10,+,0.15,8.09,2,8.10,22,"0.00"","
6145,勁永,"3,455,000",982,"45,243,099",13.55,13.55,12.85,12.90,-,0.40,12.90,441,12.95,5,"0.00"","
6152,百一,"205,102",74,"1,816,741",8.85,8.95,8.83,8.85, ,0.00,8.85,9,8.86,2,"0.00"","
6153,嘉聯益,"34,895,704","15,549","1,677,404,386",49.15,49.25,45.50,48.60,+,1.10,48.55,5,48.60,7,"156.77"","
6155,鈞寶,"666,506",427,"13,208,290",20.25,20.70,19.25,19.30,-,0.75,19.30,10,19.35,2,"21.44"","
6164,華興,"274,271",126,"3,684,641",13.85,13.85,13.25,13.45,-,0.30,13.45,10,13.50,36,"27.45"","
6165,捷泰,"1,110,535",339,"36,640,007",34.25,34.30,32.10,33.90,-,0.60,33.10,1,33.90,18,"1,695.00"","
6166,凌華,"168,900",139,"10,640,077",64.30,64.30,62.00,63.40,-,0.50,63.00,2,63.40,4,"25.46"","
6168,宏齊,"5,366,938","2,159","109,633,109",21.20,21.30,19.60,20.05,-,0.85,20.05,11,20.10,3,"18.74"","
6172,互億,"1,000",1,"10,150",10.15,10.15,10.15,10.15,-,0.10,10.35,15,11.20,1,"50.75"","
6176,瑞儀,"3,741,088","2,234","241,395,072",65.00,65.20,63.80,64.50,-,0.30,64.50,81,64.80,4,"8.95"","
6177,達麗,"163,052",117,"5,291,533",32.50,32.65,32.20,32.40,-,0.10,32.40,11,32.55,1,"8.18"","
6183,關貿,"82,180",38,"2,521,640",30.80,30.90,30.30,30.65,+,0.15,30.35,4,30.65,1,"17.92"","
6184,大豐電,"93,236",42,"3,185,354",34.20,34.35,34.05,34.35, ,0.00,34.30,1,34.35,5,"26.22"","
6189,豐藝,"139,500",109,"3,908,399",28.10,28.10,27.95,28.10, ,0.00,28.05,1,28.10,21,"12.83"","
6191,精成科,"1,735,915",597,"22,450,305",13.15,13.25,12.75,12.85,-,0.25,12.85,57,12.90,3,"14.94"","
6192,巨路,"79,194",84,"4,492,179",56.60,57.00,56.10,56.80,+,0.80,56.80,1,56.90,4,"12.29"","
6196,帆宣,"878,003",530,"33,625,766",38.80,39.00,37.65,38.30,-,0.40,38.30,10,38.35,10,"11.36"","
6197,佳必琪,"253,657",177,"7,741,865",30.65,30.90,30.10,30.45,-,0.10,30.45,1,30.50,3,"9.76"","
6201,亞弘電,"6,030",7,"176,945",29.40,29.40,29.20,29.20,-,0.20,29.20,6,29.30,2,"13.09"","
6202,盛群,"2,479,785","1,643","184,576,994",74.60,75.90,72.50,74.60,+,0.20,74.60,2,74.70,7,"19.68"","
6205,詮欣,"277,136",174,"8,414,283",30.85,30.90,30.05,30.05,-,0.80,30.05,2,30.20,8,"12.52"","
6206,飛捷,"83,299",95,"7,031,216",85.00,85.00,83.70,84.00,-,0.60,83.80,6,84.70,1,"15.58"","
6209,今國光,"4,433,365","2,678","172,249,535",39.40,39.75,37.75,38.75,-,0.35,38.75,8,38.80,18,"0.00"","
6213,聯茂,"2,423,024","1,246","158,869,238",66.00,66.80,63.50,64.50,-,1.10,64.50,4,64.60,1,"16.93"","
6214,精誠,"1,252,989",782,"74,419,940",59.70,60.40,58.20,59.50,-,0.20,59.40,38,59.80,2,"13.62"","
6215,和椿,"1,667,200",877,"34,259,225",21.35,21.40,19.90,20.00,-,0.80,20.00,81,20.10,4,"18.18"","
6216,居易,"100,572",67,"2,863,613",28.55,28.60,28.40,28.50,-,0.05,28.50,2,28.55,10,"12.23"","
6224,聚鼎,"119,024",81,"6,601,833",55.60,55.70,55.20,55.50,-,0.20,55.50,3,55.60,2,"13.18"","
6225,天瀚,"1,032",3,"3,812",3.70,3.70,3.70,3.70,+,0.05,3.42,4,3.64,1,"0.00"","
6226,光鼎,"2,012,492",735,"20,708,392",10.60,10.60,10.10,10.10,-,0.30,10.10,84,10.15,18,"14.03"","
6230,超眾,"334,050",278,"31,104,255",94.60,94.60,92.50,93.10,-,0.70,93.00,1,93.10,6,"12.15"","
6235,華孚,"874,001",306,"15,653,267",18.10,18.30,17.70,17.75,-,0.30,17.75,9,17.80,5,"2.37"","
6239,力成,"3,751,997","2,438","333,378,833",91.00,91.00,88.00,88.50,-,2.50,88.50,101,88.60,2,"12.22"","
6243,迅杰,"959,788",467,"19,372,237",20.60,20.85,19.80,20.05,-,0.35,20.00,67,20.15,2,"0.00"","
6251,定穎,"2,143,309",669,"25,767,842",12.20,12.40,11.70,11.80,-,0.20,11.80,12,11.85,69,"31.05"","
6257,矽格,"8,445,666","4,007","263,013,796",32.10,32.35,30.00,30.85,-,1.00,30.80,38,30.85,93,"14.28"","
6269,台郡,"14,842,476","8,133","1,713,247,240",123.00,123.00,111.50,115.00,-,8.00,115.00,8,115.50,36,"13.19"","
6271,同欣電,"4,941,442","3,433","733,014,416",153.50,154.00,143.50,146.50,-,6.50,146.00,38,146.50,1,"24.66"","
6277,宏正,"86,760",94,"6,838,584",79.00,79.20,78.10,78.80,-,0.20,78.80,1,79.10,1,"13.45"","
6278,台表科,"10,079,476","4,525","319,199,874",30.35,32.65,30.20,31.70,+,1.70,31.65,27,31.70,11,"12.99"","
6281,全國電,"27,347",28,"1,696,151",62.00,62.20,61.90,62.20,+,0.20,62.20,1,62.30,4,"13.79"","
6282,康舒,"1,327,659",678,"29,495,610",22.55,22.55,22.05,22.15,-,0.35,22.15,81,22.25,38,"27.35"","
6283,淳安,"3,253,802","1,894","164,094,305",51.30,51.90,48.80,49.65,-,1.25,49.65,17,49.70,13,"88.66"","
6285,啟碁,"1,165,101",881,"98,676,728",85.20,85.50,83.80,84.50,-,0.80,84.40,27,84.50,10,"14.27"","
6289,華上,"121,564",30,"288,231",2.26,2.39,2.26,2.38,+,0.07,2.35,1,2.38,4,"0.00"","
6405,悅城,"61,000",47,"1,463,200",24.70,24.80,23.60,23.85,-,0.70,23.80,3,24.20,3,"32.67"","
6409,旭隼,"35,161",37,"18,899,439",544.00,544.00,534.00,538.00,-,7.00,538.00,1,540.00,5,"30.88"","
6412,群電,"856,416",684,"51,853,092",60.40,61.50,59.60,60.50,+,0.10,60.40,11,60.50,4,"11.61"","
6414,樺漢,"1,240,252","1,143","605,926,343",489.50,494.00,478.50,487.50,-,0.50,487.00,5,487.50,1,"35.43"","
6415,矽力-KY,"174,709",176,"111,450,670",648.00,648.00,632.00,635.00,-,1.00,634.00,3,635.00,1,"30.30"","
6422,君耀-KY,"276,058",210,"16,751,720",61.00,61.40,60.00,60.50,-,1.00,60.50,5,60.70,11,"11.18"","
6431,光麗-KY,"27,074",14,"310,358",11.45,11.70,11.45,11.50,+,0.05,11.45,3,11.55,1,"0.00"","
6442,光聖,"858,000",602,"37,072,250",40.75,44.75,40.60,42.80,+,2.10,42.70,1,42.85,1,"25.33"","
6443,元晶,"5,580,252","1,721","61,574,485",11.15,11.20,10.95,10.95,-,0.20,10.95,281,11.00,22,"0.00"","
6449,鈺邦,"10,720,176","5,667","533,416,514",50.00,51.70,47.70,47.70,+,0.70,47.70,64,48.00,11,"16.74"","
6451,訊芯-KY,"2,384,510","1,514","295,776,485",127.50,128.00,120.00,123.00,-,2.00,123.00,2,123.50,4,"36.61"","
6452,康友-KY,"571,848",508,"254,745,316",449.00,454.00,440.00,442.50,-,13.50,442.50,11,443.00,13,"30.16"","
6456,GIS-KY,"8,985,165","5,975","2,106,091,692",239.00,240.00,228.00,231.50,-,5.00,231.50,214,232.00,1,"11.97"","
6464,台數科,"62,080",25,"7,467,020",117.00,121.00,117.00,120.00,+,0.50,120.00,19,121.00,15,"24.10"","
6477,安集,"945,067",422,"22,504,494",24.20,24.40,23.60,23.65,-,0.40,23.65,19,23.70,3,"33.79"","
6504,南六,"46,150",45,"7,785,950",167.00,169.50,167.00,168.50,+,1.50,168.50,1,169.00,4,"21.69"","
6505,台塑化,"3,309,158","1,928","355,359,481",106.00,108.50,105.50,108.00,+,2.00,107.50,42,108.00,76,"12.90"","
6525,捷敏-KY,"1,833,210","1,365","146,187,980",82.20,82.80,78.00,78.00,-,3.70,78.00,53,78.10,2,"13.76"","
6531,愛普,"518,019",383,"41,560,539",80.90,81.40,79.00,80.10,-,0.10,80.10,4,80.20,3,"13.93"","
6533,晶心科,"628,267",519,"74,648,040",120.50,122.50,115.00,121.00,+,2.00,121.00,31,121.50,12,"122.22"","
6541,泰福-KY,"205,932",189,"16,949,015",84.00,84.00,81.70,82.10,-,2.00,82.10,1,82.20,1,"0.00"","
6552,易華電,"1,335,079",654,"58,238,650",44.00,44.70,42.65,43.35,-,0.40,43.35,7,43.40,13,"240.83"","
6573,虹揚-KY,"881,050",688,"62,289,350",73.30,73.80,68.00,70.00,-,2.20,70.00,32,70.40,1,"27.34"","
6579,研揚,"53,150",40,"4,760,125",89.70,90.10,89.30,89.50,+,0.10,89.40,2,89.70,1,"17.65"","
6582,申豐,"24,100",21,"1,150,700",48.40,48.40,47.30,47.80,+,0.50,47.80,1,48.00,2,"10.81"","
6605,帝寶,"235,000",195,"20,196,500",84.60,86.80,84.50,86.00,+,1.40,85.90,1,86.10,1,"11.73"","
8011,台通,"727,408",325,"14,698,409",20.35,20.50,20.05,20.10,-,0.25,20.10,8,20.15,4,"22.09"","
8016,矽創,"369,500",293,"30,253,299",82.80,83.00,80.70,82.10, ,0.00,82.10,1,82.30,4,"10.92"","
8021,尖點,"914,388",465,"19,227,656",21.20,21.30,20.80,20.95,-,0.25,20.95,9,21.00,1,"13.34"","
8033,雷虎,"219,917",103,"2,203,670",10.05,10.10,9.97,10.00,-,0.05,10.00,8,10.10,62,"0.00"","
8039,台虹,"5,819,040","2,933","291,102,572",51.70,52.20,48.20,49.50,-,1.90,49.50,6,49.80,5,"13.52"","
8046,南電,"730,653",379,"18,586,334",25.60,25.75,25.15,25.60,+,0.25,25.55,3,25.60,3,"0.00"","
8070,長華,"391,471",277,"55,103,911",143.00,143.00,139.50,141.00,-,1.50,140.50,14,141.50,24,"10.31"","
8072,陞泰,"38,570",33,"843,762",21.95,22.10,21.65,21.75,-,0.20,21.75,1,21.95,1,"0.00"","
8081,致新,"361,027",244,"24,238,624",68.00,68.00,66.60,67.00,-,0.70,67.00,10,67.10,1,"14.60"","
8101,華冠,"472,378",136,"1,817,556",3.90,3.90,3.80,3.83,-,0.09,3.82,24,3.83,1,"0.00"","
8103,瀚荃,"1,380,859",786,"46,193,622",34.70,34.85,32.45,32.80,-,1.40,32.80,26,32.85,2,"10.41"","
8105,凌巨,"5,596,206","2,479","108,344,324",19.90,20.05,19.05,19.15,-,0.65,19.15,51,19.20,9,"10.76"","
8110,華東,"7,309,316","2,355","119,515,247",16.90,16.95,15.75,16.30,-,0.50,16.30,50,16.35,15,"10.72"","
8112,至上,"7,916,903","3,389","242,020,025",31.10,31.25,30.05,30.50,-,0.50,30.50,6,30.55,7,"8.27"","
8114,振樺電,"220,908",187,"31,098,028",143.00,143.00,139.50,141.00,-,1.50,140.50,13,141.50,10,"13.38"","
8131,福懋科,"424,047",261,"13,300,036",31.70,31.70,31.05,31.35,-,0.25,31.35,15,31.60,7,"10.89"","
8150,南茂,"37,549,736","14,618","1,067,784,322",27.50,29.15,27.40,28.10,+,0.80,28.05,263,28.10,192,"6.92"","
8163,達方,"20,366,138","6,804","646,049,824",30.50,32.20,30.50,32.20,+,2.90,32.20,"8,350",--,0,"15.63"","
8201,無敵,"82,049",47,"1,108,201",13.65,13.65,13.40,13.40,-,0.05,13.40,30,13.45,10,"0.00"","
8210,勤誠,"225,092",164,"9,714,761",43.30,43.65,42.85,43.50,+,0.15,43.50,5,43.55,4,"10.56"","
8213,志超,"1,416,689",831,"46,142,647",32.85,32.95,32.05,32.90,+,0.55,32.85,9,32.90,2,"9.88"","
8215,明基材,"5,361,500","2,018","102,467,773",18.95,19.45,18.50,19.15,+,0.40,19.15,15,19.20,34,"13.58"","
8222,寶一,"120,001",73,"2,266,769",19.00,19.05,18.75,19.05,+,0.05,19.00,2,19.10,7,"38.10"","
8249,菱光,"1,464,806",855,"38,802,345",27.35,27.50,25.80,26.20,-,0.95,26.20,58,26.30,4,"13.44"","
8261,富鼎,"1,596,563",870,"51,791,137",33.20,33.35,31.50,32.60,-,0.40,32.60,18,32.65,2,"181.11"","
8271,宇瞻,"725,698",435,"27,979,137",39.00,39.10,38.10,38.50,-,0.30,38.50,15,38.55,10,"10.21"","
8341,日友,"524,222",534,"130,082,334",254.00,255.00,244.00,245.00,-,8.00,245.00,3,245.50,1,"35.00"","
8374,羅昇,"1,193,217",779,"35,973,521",31.10,31.25,29.80,29.80,-,1.10,29.80,32,29.90,4,"16.65"","
8404,百和興業-KY,"1,643,484","1,105","110,729,228",69.00,69.70,66.20,66.80,-,1.70,66.80,32,67.00,14,"38.17"","
8411,福貞-KY,"22,671",17,"568,707",25.15,25.20,24.95,25.05,-,0.10,25.05,4,25.20,6,"14.31"","
8422,可寧衛,"115,389",101,"19,857,101",173.00,173.00,171.50,172.00,-,0.50,171.50,32,172.50,7,"14.20"","
8427,基勝-KY,"15,000",10,"651,400",43.30,43.50,43.30,43.40,+,0.10,43.15,1,43.50,2,"32.88"","
8429,金麗-KY,"930,797",547,"23,741,788",25.90,25.95,25.30,25.35,-,0.45,25.35,12,25.40,10,"7.02"","
8442,威宏-KY,"97,000",59,"6,798,400",71.60,72.50,69.20,70.00,-,2.50,69.90,2,70.90,3,"0.00"","
8443,阿瘦,"9,000",5,"122,650",13.65,13.75,13.60,13.75,+,0.10,13.65,5,13.75,1,"0.00"","
8454,富邦媒,"44,110",38,"9,066,215",206.50,206.50,204.00,204.50,-,2.50,204.50,2,207.00,2,"23.95"","
8463,潤泰材,"14,000",12,"246,300",17.60,17.60,17.55,17.60, ,0.00,17.60,2,17.65,2,"19.13"","
8464,億豐,"928,604",838,"265,235,660",279.50,292.50,275.50,290.50,+,15.50,289.50,2,291.00,9,"22.91"","
8466,美吉吉-KY,"127,249",96,"11,816,432",94.40,94.40,90.50,93.40,-,0.90,93.20,1,93.50,2,"12.47"","
8467,波力-KY,"2,098",4,"70,923",33.95,33.95,33.70,33.70,-,0.25,33.60,1,33.95,1,"21.46"","
8473,山林水,"173,820",144,"10,201,780",59.50,59.50,58.30,58.50,-,0.80,58.50,2,58.70,1,"17.46"","
8480,泰昇-KY,"12,000",12,"1,524,000",127.00,127.00,127.00,127.00, ,0.00,126.50,3,127.50,1,"17.37"","
8481,政伸,"30,000",17,"1,391,300",46.50,47.00,46.00,46.00,-,1.00,45.95,2,46.50,2,"14.20"","
8488,吉源-KY,"3,000",3,"90,950",30.00,30.95,30.00,30.95,+,0.95,30.05,1,30.75,4,"12.43"","
8499,鼎炫-KY,"1,121,330",960,"156,103,715",148.00,148.00,131.50,133.00,-,13.00,132.50,4,133.00,15,"20.03"","
8926,台汽電,"1,353,435",729,"33,764,881",24.90,25.15,24.70,24.95,+,0.05,24.95,20,25.00,147,"12.73"","
8940,新天地,"1,519",2,"21,038",13.85,13.85,13.85,13.85,+,0.30,13.60,2,13.70,1,"0.00"","
8996,高力,"157,573",108,"5,835,651",37.20,37.35,36.60,37.00,-,0.10,36.95,1,37.00,4,"29.60"","
9103,美德醫療-DR,"927,000",174,"1,334,580",1.41,1.48,1.41,1.48,+,0.08,1.45,31,1.48,70,"0.00"","
910322,康師傅-DR,"26,000",9,"631,200",24.00,24.40,24.00,24.40,+,0.10,24.45,5,24.70,5,"0.00"","
910482,聖馬丁-DR,"379,000",17,"205,350",0.55,0.55,0.54,0.55, ,0.00,0.54,176,0.55,86,"0.00"","
9105,泰金寶-DR,"3,091,444",464,"9,022,721",2.94,2.94,2.90,2.93,+,0.01,2.92,107,2.93,183,"0.00"","
910708,恒大健-DR,0,0,0,--,--,--,--, ,0.00,--,0,--,0,"0.00"","
910801,金衛-DR,"3,982,887",218,"17,392,508",4.37,4.37,4.36,4.36,-,0.01,4.36,234,4.37,204,"0.00"","
910861,神州-DR,"23,000",9,"184,000",8.00,8.00,8.00,8.00, ,0.00,7.97,1,8.03,6,"0.00"","
9110,越南控-DR,"11,000",5,"38,420",3.48,3.58,3.46,3.56,-,0.07,3.42,5,3.56,3,"0.00"","
911608,明輝-DR,"13,000",4,"27,160",2.04,2.19,2.04,2.19,-,0.01,2.07,5,2.19,4,"0.00"","
911616,杜康-DR,"5,000",5,"5,450",1.07,1.12,1.07,1.12,+,0.05,1.05,2,1.12,7,"0.00"","
911619,耀傑-DR,"1,000",1,850,0.85,0.85,0.85,0.85,-,0.01,0.78,3,0.85,16,"0.00"","
911622,泰聚亨-DR,0,0,0,--,--,--,--, ,0.00,9.80,1,10.20,1,"0.00"","
911868,同方友友-DR,"1,000",1,"1,430",1.43,1.43,1.43,1.43,-,0.02,1.40,20,1.44,2,"0.00"","
912000,晨訊科-DR,"2,000",2,"5,860",2.93,2.93,2.93,2.93, ,0.00,2.89,10,2.98,5,"0.00"","
912398,友佳-DR,"1,000",1,"7,290",7.29,7.29,7.29,7.29, ,0.00,7.12,8,7.29,1,"0.00"","
9136,巨騰-DR,"633,000",188,"5,728,130",9.10,9.14,9.00,9.02,-,0.08,9.02,25,9.04,4,"0.00"","
9157,陽光能源-DR,"52,000",13,"71,130",1.41,1.42,1.35,1.36,-,0.04,1.36,9,1.39,11,"0.00"","
9188,精熙-DR,"22,000",5,"106,720",4.82,4.90,4.82,4.86,-,0.02,4.87,2,4.89,4,"0.00"","
9802,鈺齊-KY,"593,042",470,"44,876,071",77.00,77.40,74.80,75.50,-,1.70,75.30,1,75.50,2,"12.97"","
9902,台火,"132,001",61,"1,333,110",10.10,10.20,10.05,10.05,-,0.05,10.05,16,10.10,19,"0.00"","
9904,寶成,"3,874,326","1,895","140,163,178",36.15,36.35,36.05,36.05,+,0.05,36.05,190,36.15,125,"8.03"","
9905,大華,"205,300",154,"5,183,714",25.55,25.55,25.15,25.20,-,0.35,25.20,7,25.35,6,"12.41"","
9906,欣巴巴,"346,444",189,"5,412,998",16.10,16.30,15.25,15.30,-,0.75,15.30,27,15.40,4,"24.68"","
9907,統一實,"561,545",251,"7,568,101",13.45,13.50,13.45,13.45, ,0.00,13.45,185,13.50,47,"26.90"","
9908,大台北,"107,540",69,"2,829,509",26.45,26.45,26.25,26.40,-,0.05,26.20,28,26.40,9,"17.03"","
9910,豐泰,"549,010",452,"70,568,280",126.00,129.50,126.00,129.00,+,3.50,128.50,1,129.00,50,"20.67"","
9911,櫻花,"297,587",237,"11,163,966",37.55,37.65,37.35,37.40,-,0.15,37.40,6,37.50,10,"12.64"","
9912,偉聯,"18,407",15,"142,602",7.75,7.79,7.72,7.72,-,0.05,7.72,3,7.80,5,"193.00"","
9914,美利達,"1,369,880","1,064","168,364,860",124.00,124.00,122.00,123.00,-,1.00,123.00,10,123.50,10,"26.62"","
9917,中保,"126,078",123,"11,438,969",91.00,91.00,90.50,90.80,-,0.40,90.80,1,91.00,30,"39.31"","
9918,欣天然,"9,617",12,"308,235",32.35,32.35,32.00,32.00, ,0.00,31.90,2,32.35,2,"21.92"","
9919,康那香,"1,627,624",526,"20,540,835",12.85,12.85,12.40,12.45,+,0.25,12.45,8,12.50,19,"0.00"","
9921,巨大,"305,636",288,"45,594,900",150.00,150.50,148.00,149.50,-,0.50,149.00,32,149.50,2,"21.76"","
9924,福興,"197,763",166,"7,671,704",38.65,38.90,38.55,38.70, ,0.00,38.65,1,38.70,15,"11.91"","
9925,新保,"124,247",100,"4,788,505",38.50,38.65,38.45,38.45,-,0.15,38.45,13,38.50,10,"15.82"","
9926,新海,"24,938",18,"999,682",40.30,40.30,40.00,40.05,-,0.25,40.00,6,40.25,1,"21.08"","
9927,泰銘,"297,062",169,"11,634,023",39.30,39.30,39.05,39.15,-,0.10,39.15,1,39.20,2,"8.40"","
9928,中視,"9,266",10,"44,545",4.57,4.96,4.57,4.93,+,0.06,4.81,11,4.94,2,"0.00"","
9929,秋雨,"27,999",24,"319,538",11.05,12.25,11.05,11.70,+,0.50,11.30,7,11.75,8,"585.00"","
9930,中聯資源,"78,026",61,"4,341,957",56.00,56.00,55.50,55.60,-,0.40,55.50,25,55.60,3,"17.88"","
9931,欣高,0,0,0,--,--,--,--, ,0.00,30.95,1,31.00,2,"18.31"","
9933,中鼎,"934,940",617,"41,274,446",44.05,44.70,43.95,44.20,+,0.20,44.20,3,44.35,25,"12.66"","
9934,成霖,"1,528,971",807,"34,366,091",22.40,22.90,21.85,22.60,+,0.45,22.60,12,22.65,15,"11.59"","
9935,慶豐富,"319,701",169,"8,838,784",28.10,28.40,27.00,27.40,-,0.30,27.40,7,27.75,17,"26.60"","
9937,全國,"20,500",20,"812,950",39.05,39.80,39.05,39.80,+,0.30,39.30,1,39.80,11,"18.09"","
9938,百和,"697,420",593,"80,443,508",114.00,116.00,113.50,115.50,+,1.00,115.00,5,115.50,2,"20.89"","
9939,宏全,"1,051,125",730,"57,434,158",54.40,55.10,54.00,54.70,+,0.40,54.70,10,54.80,16,"12.57"","
9940,信義,"377,295",271,"14,475,369",38.70,38.80,37.60,38.50,-,0.20,38.45,14,38.50,20,"8.83"","
9941,裕融,"757,158",499,"84,467,932",113.50,114.00,110.00,112.00,-,2.00,111.50,102,112.00,15,"14.43"","
9942,茂順,"72,252",69,"6,527,332",90.00,91.00,89.50,91.00,+,1.00,90.70,1,91.00,3,"14.26"","
9943,好樂迪,"112,287",101,"5,867,093",52.10,52.40,52.10,52.30,+,0.20,52.30,2,52.40,5,"12.00"","
9944,新麗,"82,000",32,"1,599,450",19.65,19.65,19.30,19.50, ,0.00,19.30,19,19.50,9,"50.00"","
9945,潤泰新,"4,414,986","1,798","136,116,482",31.20,31.20,30.60,30.70,-,0.50,30.70,3,30.75,116,"6.93"","
9946,三發地產,"94,000",35,"1,035,350",11.10,11.10,11.00,11.10, ,0.00,11.05,3,11.10,12,"11.94"","
9955,佳龍,"64,186",39,"883,116",13.85,13.90,13.60,13.85, ,0.00,13.60,3,13.85,8,"0.00"","
9958,世紀鋼,"3,389,952","1,239","52,469,071",15.65,15.80,15.25,15.25,+,0.05,15.20,38,15.25,42,"47.66"","
